47,066081
44,832956
44,843915
44,351838
44,645401
45,152921
45,173738
44,596351
45,108038
44,259358
44,507136
45,74316
45,168037
45,959114
44,651294
44,575542
44,243687
44,560346
44,919539
45,945138
45,977257
44,475208
46,337574
44,565448
45,273252
44,418035
44,390401
47,617049
45,283028
44,853327
44,292814
45,092746
44,163867
45,134283
44,695165
45,483072
45,919731
44,047797
45,014148
44,169185
44,745774
44,665416
44,454849
44,826764
44,198686
45,170294
44,369333
45,326069
44,885914
44,384562
45,108579
44,887003
44,67023
44,32734
44,796973
44,215246
44,746648
44,176419
46,764788
44,624299
44,377077
44,781408
44,16208
44,6044
44,350265
44,777631
44,208912
44,807147
44,105129
44,558109
44,290723
44,183725
44,789386
44,399038
44,17285
44,696409
44,606396
44,396595
45,241534
44,115336
45,431516
44,553005
45,172763
44,097481
44,646223
44,747253
44,068864
44,426397
44,231198
44,836371
44,264493
46,341152
44,941578
45,443049
44,617228
44,10332
46,001776
44,069219
44,334837
45,474254
45,05702
44,900933
44,427284
45,165979
44,343489
44,349315
44,10472
44,684868
44,590569
45,544335
44,242114
44,76411
44,147781
44,519866
44,381988
44,438066
44,54414
44,590914
44,295224
45,497987
44,896352
44,305018
46,60999
43,920462
44,948586
46,639332
44,627401
45,135741
44,945135
44,84894
44,829674
44,502339
44,430464
44,518006
44,541198
44,121463
44,92813
44,438706
44,6519
44,412135
44,697367
44,993981
44,730045
44,7795
44,376179
44,448488
44,384963
44,915929
45,315865
44,649625
44,175077
44,331325
44,975675
44,636458
44,583644
44,319126
44,693304
44,239217
45,431459
44,509307
44,441323
44,679479
44,266691
44,512155
44,354885
44,699112
44,914846
44,32516
44,333965
44,528308
45,08412
44,366747
44,382286
43,99588
44,982899
44,546311
44,176674
44,868222
44,111044
44,362299
45,361679
44,57542
44,523749
44,458086
44,309757
44,250301
44,415074
44,316702
44,433048
44,581035
43,980928
44,838404
46,788945
44,38306
44,608287
44,11801
45,286496
44,451744
45,160462
45,033889
44,037355
44,717689
44,682761
44,132372
45,376042
44,762885
44,511261
44,537646
44,304426
44,645766
44,801178
44,150941
44,404493
46,156687
44,841346
43,995101
44,384368
44,134108
45,152719
44,228182
44,092294
44,528266
44,368784
44,683957
44,708564
44,007185
44,410866
44,166291
45,199797
43,784994
44,333631
44,074664
44,137716
44,408774
43,873211
44,52792
44,333445
45,550861
44,246275
44,576688
44,133805
44,392026
44,497321
44,259488
44,319005
44,177022
44,055614
45,006366
44,773917
44,7318
44,498135
44,28254
44,473693
44,251988
44,296031
44,299781
44,025525
44,266739
43,918897
45,01832
45,123735
44,506312
43,879422
44,539926
44,84811
44,323915
44,11173
44,425881
43,974084
44,634391
44,095139
44,919094
44,309862
44,178688
44,358313
44,519132
44,309125
44,036425
44,21165
43,928003
44,294231
44,281331
45,201086
44,121286
44,245983
44,889665
44,176268
44,333548
44,139946
44,244023
44,497674
44,192415
44,280237
43,805361
45,134291
44,423084
43,88322
44,15405
43,959992
44,533798
43,904119
44,706259
44,032527
44,314334
44,676181
44,829692
44,255672
43,70908
44,436462
44,019302
44,278947
44,00268
43,898295
44,850733
44,424001
44,615255
44,144373
44,099769
44,832354
43,973417
44,980973
43,993631
44,949665
44,739704
43,978906
44,365975
44,233171
44,713256
44,208136
44,261783
44,170528
43,884939
44,472618
44,405292
44,133337
44,191633
44,109687
44,090411
45,279506
44,143817
44,17671
44,436181
44,373565
44,549283
43,90603
44,416972
44,158749
44,132692
44,519347
44,361199
45,371991
43,893964
44,280741
44,178109
46,670358
44,366804
44,137014
44,497515
43,845896
44,251887
44,150198
44,071477
44,518577
45,154924
44,463874
44,287668
44,368165
44,45559
44,14881
44,467304
44,314693
44,147373
45,009722
45,00317
44,026044
43,994574
44,275105
44,01367
44,358661
44,332186
44,306274
44,37177
44,683022
43,895794
44,374355
44,710236
44,859102
44,364914
44,482475
44,1863
44,057742
44,457875
44,265358
44,137987
45,106527
45,126426
44,223909
44,38604
43,931655
44,278806
44,037568
43,926417
44,101829
44,646058
44,561883
44,778114
44,27657
44,174614
43,621048
44,652925
44,038098
44,318873
44,208029
44,315633
44,441189
44,209163
44,703528
44,750371
45,118109
45,389761
44,341205
44,149701
44,497717
44,985359
44,408653
44,149991
44,197203
44,600178
44,0484
44,218477
44,008006
44,32334
44,110066
44,217257
44,296353
44,113639
44,444061
44,721824
43,728652
44,707465
45,495524
44,307744
44,553355
45,097415
44,331679
44,122355
44,502295
45,501428
44,781633
44,415309
44,30885
44,644117
44,293281
44,253934
44,301374
44,32059
44,607858
43,915905
44,345701
43,948355
44,859509
44,152746
44,175844
47,198556
44,538499
44,151527
44,762263
43,932047
44,249245
44,433033
44,067472
44,144435
44,03495
44,251752
44,166435
44,663865
44,740643
44,419204
44,151944
43,7814
44,301509
44,152933
44,012402
44,537957
44,411553
45,563889
44,124911
44,216065
44,266279
44,362902
43,995735
44,775118
44,095864
44,255526
43,950768
44,242179
44,424246
43,892346
44,68049
44,36976
44,442304
44,419637
43,871958
44,064544
44,006026
44,97176
44,397285
45,334712
45,340891
44,107926
44,116199
44,949927
43,978483
44,292633
44,658696
43,811362
44,80914
43,904343
44,4229
43,961192
44,498579
44,230432
44,90261
53,083076
46,029478
44,773941
44,754422
44,195168
44,035999
44,201732
44,816555
43,995068
44,48039
44,701479
44,016163
43,914752
44,416244
46,266363
44,952377
43,698186
44,146975
44,302621
43,888224
43,739127
44,697845
44,61367
44,565439
43,981002
43,958663
44,087916
44,219799
44,115578
45,342693
45,176443
44,765123
44,076338
44,33159
43,864634
44,087493
44,089106
44,419064
44,407684
44,469752
44,214213
44,187993
44,495125
44,385257
44,458837
43,890008
44,160545
43,987633
44,284925
44,010187
44,551146
44,632026
45,98041
44,213137
44,19445
44,181463
44,44342
44,605584
44,212928
43,940489
44,755701
43,374908
45,03477
44,379349
44,637844
44,248232
44,3632
45,00402
45,090039
44,645713
44,633555
44,124867
44,517948
44,602242
44,336614
45,189944
43,996881
43,818957
44,291429
44,055578
44,981767
44,243774
44,266682
44,626352
43,951799
43,950214
44,600417
44,1876
44,223825
44,214432
44,072864
44,566702
44,275967
44,266564
44,312731
44,35803
44,988042
45,105312
44,267273
44,267621
44,047233
44,106878
44,635688
44,271669
44,102785
44,398198
44,431542
43,91656
45,274351
43,918102
44,637893
44,060595
43,815909
44,270218
44,080525
44,501218
43,969626
44,459089
44,351485
44,126016
44,671415
43,846249
44,345423
43,927462
44,258606
44,194127
44,390433
45,000099
43,923929
45,629943
47,133729
47,030321
47,078297
46,990469
46,608352
47,02022
46,932582
46,902678
47,085629
46,810883
47,261389
47,198113
47,570381
46,794421
46,941472
47,000301
48,169005
46,946584
46,824546
47,135341
46,85711
46,786998
46,856859
46,935586
46,998123
46,651664
47,676271
46,965446
46,818247
46,798436
46,760793
47,800282
47,048115
47,525693
46,915295
47,620605
47,592202
47,365694
47,486569
47,056201
46,569326
47,069584
50,193081
48,006945
44,862311
43,329606
44,339308
46,000577
44,878059
45,080828
45,687766
44,587192
44,425896
44,475251
44,592519
44,627128
44,27315
44,036448
44,049951
44,183376
44,392485
44,20251
44,253244
44,543151
44,123757
45,0584
47,114293
46,559355
47,311145
46,53191
47,208793
46,742955
46,879112
46,979035
46,654071
47,683886
48,411444
46,783251
47,167575
47,152094
46,979551
47,112746
47,233558
46,985918
47,033577
47,48054
47,149163
47,207974
47,312303
46,668005
45,572224
45,729854
45,596515
45,245358
45,538285
45,359043
46,033916
45,315873
46,723193
45,645054
46,028882
45,368996
45,925385
45,480753
45,748534
45,442392
45,930153
45,335922
45,376948
45,759907
45,660969
45,908705
45,66311
45,29466
45,4931
45,735656
45,326825
45,58172
45,454126
46,699102
47,848634
45,523795
45,903546
44,918635
46,358067
45,92129
45,611756
45,641475
45,703683
46,070293
46,276194
44,203573
44,730752
44,058819
44,286835
44,626835
46,503768
44,309283
44,550958
43,966831
45,572001
44,465598
45,206781
44,172935
43,779373
45,712111
44,370703
44,469339
43,794424
44,093777
44,400467
44,63066
44,968986
44,102036
44,633577
46,873176
47,273148
47,546702
47,221971
46,699589
47,221116
46,845488
47,417882
48,852854
47,086524
46,943631
46,767746
47,105813
47,048633
47,014663
47,165036
46,948347
46,688337
46,790363
46,924834
47,460749
47,632296
45,241809
45,607919
45,800856
45,494546
46,178628
45,545744
45,460798
46,215569
46,50031
45,880021
45,393482
45,492794
45,344204
45,736932
45,59504
46,043713
45,073372
45,471351
45,812835
45,74326
46,213013
45,650229
45,96493
45,699995
45,503275
45,398559
45,686533
45,337597
45,818006
45,977601
46,338508
44,073243
43,955201
44,595765
44,750473
44,31773
44,29712
44,71314
44,317101
44,290886
43,908792
44,175962
44,167304
44,436374
44,409718
43,932585
45,456166
45,269915
45,479168
45,561041
45,621281
45,848033
45,34871
45,397473
45,356175
45,530683
45,509651
45,461403
45,40519
45,806162
45,612428
45,46722
45,391892
45,721051
45,818603
45,680662
45,299056
45,230409
45,475025
45,209278
45,512754
46,07777
45,645773
45,657827
46,149727
45,563777
45,707755
45,488535
45,658837
45,426632
45,833922
46,169033
45,754175
45,395457
45,595073
47,122373
46,593824
46,499696
44,847332
44,864486
45,81658
45,738263
45,993852
46,275641
46,133418
46,007598
46,508055
46,046981
45,547673
46,269471
45,755932
45,860729
45,707669
45,264361
45,545438
45,795656
45,178435
46,439723
45,654117
45,716099
46,042478
45,620097
45,237775
45,93769
44,113758
44,736996
44,841258
44,195803
45,568145
43,882431
44,27367
44,179852
44,198925
44,908725
44,551155
44,02065
44,345759
44,265986
44,271409
44,268389
44,083905
44,184624
43,868808
44,204188
44,492391
45,292514
45,599696
46,002769
46,063942
45,761773
45,567668
46,268297
45,607547
46,00555
45,754379
47,312715
45,44605
45,570401
45,498475
45,8771
45,615124
45,511853
45,700673
46,291884
47,198595
46,931282
46,670739
47,024711
47,889648
47,383667
47,98147
47,997946
49,509334
48,084153
47,028198
47,342605
46,903681
45,692471
45,282859
45,609774
45,749303
45,577916
45,171841
45,781237
45,566636
45,504161
45,687461
45,46363
45,945759
45,485317
45,22958
45,560859
45,830759
46,466576
44,468922
44,482984
44,06789
44,760421
44,701184
44,077916
44,537669
44,491152
44,211357
45,2647
44,890252
44,595807
44,292687
44,818338
44,764497
44,415011
44,310193
45,40314
44,529308
45,214765
44,525195
44,436705
46,609069
46,258717
45,975766
45,857408
45,432249
45,235285
45,981444
48,08077
45,929062
45,265486
46,17855
45,790062
45,644986
45,709126
45,671145
45,694267
45,446625
46,120464
45,882272
45,445281
46,07236
45,18215
47,274399
45,600678
45,640157
45,653674
45,698909
45,703424
45,417722
45,952141
45,654925
45,732167
45,330095
45,564336
45,504726
45,526677
45,231499
45,803384
45,862006
45,55631
45,779579
45,698561
45,81038
45,336304
46,258497
45,513311
45,615001
45,517904
46,01316
48,189036
46,325744
45,349862
45,400518
45,628054
45,819959
45,545226
45,850432
45,357434
47,128009
45,54081
45,615946
45,446047
45,610934
46,041149
45,246704
45,86047
47,065493
45,763167
45,56385
45,683035
45,500877
45,69024
45,462344
45,276067
46,186204
45,366945
45,367254
45,558645
45,307789
45,359751
45,745178
45,774395
45,502498
45,300596
45,964293
45,815822
45,97169
45,732649
48,111383
45,783994
45,577688
45,453389
46,332884
45,769527
45,265316
45,968297
46,105578
45,383934
46,859517
45,719931
46,059613
45,96666
45,474031
45,887625
46,002166
45,444451
45,399144
46,022092
45,402167
46,640809
45,745398
45,001216
45,586001
45,358146
45,993296
45,613027
45,394143
45,677861
46,512352
45,975294
46,009036
46,934213
45,249945
46,125094
45,009943
45,363514
45,952139
45,797455
46,983022
46,149244
45,890251
46,645995
45,362715
47,093873
45,872448
46,928753
47,128721
46,137537
45,351051
45,513401
45,512562
45,681403
45,527965
45,463198
46,263633
46,097542
47,730969
56,279208
45,53582
46,07436
46,199429
46,824462
45,685236
44,300254
44,383065
44,625437
44,030975
44,259526
43,935909
44,087602
44,35019
44,875174
44,349415
44,15255
44,48694
44,097099
44,795118
44,22445
44,381807
44,089366
45,030095
44,097041
44,276799
45,255833
43,948142
45,060068
44,270395
44,844052
45,880969
45,887263
47,008787
47,465121
45,917334
45,658028
46,290954
46,191277
46,017345
46,214608
45,195166
45,639781
46,034345
46,402816
45,925866
45,570155
46,186818
47,029992
45,354034
47,262363
45,555033
45,529405
46,505358
45,840777
46,103723
45,661624
45,724549
45,626608
45,493911
45,529177
45,828602
45,661384
45,79497
45,381563
45,578552
45,494223
45,54975
45,664252
45,279794
46,00466
46,075125
47,409695
45,824511
45,63425
45,667333
45,532166
45,845178
45,167676
46,036902
45,476382
45,583157
46,254821
45,484721
45,491701
46,340028
46,186537
45,945661
45,230458
45,400937
45,625379
46,584025
45,857311
45,957725
47,103986
47,05839
45,797622
45,586995
46,570438
46,526658
45,577433
45,399071
46,718427
46,540367
45,517611
46,763961
45,974099
45,655278
45,793266
46,224274
45,54146
45,347656
45,548319
45,471914
45,611853
46,317529
45,573803
45,949719
45,3331
45,511844
45,322088
46,176485
45,763294
45,783305
45,557823
46,271153
45,378685
45,766191
45,509096
45,630841
45,330358
45,581162
45,604287
46,039294
45,674552
46,148193
45,260914
46,043114
45,964134
45,362298
45,355524
44,74905
44,682644
44,154425
44,432855
44,849407
44,987783
44,00275
44,320622
44,65516
43,996679
44,764217
44,271091
44,274602
44,309468
43,946682
44,74707
44,215973
44,868929
44,727857
44,555988
44,756157
44,70114
47,664133
46,872223
47,008978
47,002922
46,882905
47,024292
47,325084
46,876765
46,815063
48,170045
46,831667
48,025194
47,100849
47,145613
47,076946
46,955205
46,772971
46,964078
48,322884
46,849195
47,088357
46,939114
47,296278
46,929707
45,11684
45,509751
45,008893
45,521965
45,191672
45,90921
45,839152
45,229341
45,409708
45,064893
45,754754
45,756236
45,242494
46,44169
45,838782
45,426197
46,653248
45,183397
45,466582
45,626075
45,359006
45,636485
45,716702
45,183172
45,625488
45,184115
45,690668
45,752691
45,573427
45,498722
46,179613
45,584776
45,663645
46,126426
45,443877
45,90279
47,863818
45,906236
46,810433
45,806815
45,208333
45,528354
45,137789
46,41794
45,667505
45,501392
45,490697
45,604936
45,595308
45,85656
45,798554
46,147385
45,529899
45,391602
45,427077
46,122815
45,836364
46,583487
46,94641
45,832338
45,542578
45,304848
45,952691
45,360609
45,748047
45,410537
46,571361
45,403431
46,144536
45,114524
45,478023
46,289266
45,599099
45,936386
45,313116
45,8447
45,288828
45,616893
45,62452
45,766058
46,055236
47,237959
46,203465
45,521981
45,258106
45,32039
45,866217
49,868003
49,860879
50,014201
49,758456
50,655144
50,090671
50,077071
50,164572
50,39489
49,906974
50,133071
50,362133
50,057035
50,420886
49,765818
51,81876
48,472706
48,492005
48,621422
48,371989
47,737238
44,201127
43,823785
43,999727
43,892692
44,362894
44,771898
44,281304
44,394076
44,24841
43,996544
44,373895
44,997701
44,218079
44,83599
44,08966
44,312421
44,91175
44,824398
44,205794
44,084785
44,14704
44,010949
44,356118
45,977025
45,682194
45,398945
46,111594
45,319752
45,650124
45,548515
45,325748
45,501185
46,176891
45,495614
45,393551
45,868906
45,909151
45,545088
47,867525
45,848236
45,5996
45,565386
46,454899
45,083394
46,06423
45,776668
45,290468
45,529892
45,297307
45,544063
45,048281
45,776635
45,866039
45,497739
45,670144
45,274929
45,663644
45,979429
45,757955
45,781566
45,971375
45,72855
45,332017
45,338252
45,479718
45,367369
45,387306
45,588299
46,216128
45,618975
45,603436
45,676929
45,369024
45,655701
45,591316
45,301471
45,941687
45,727108
45,182544
45,513296
45,464135
45,552485
46,463904
45,463322
45,726614
46,417541
45,521786
45,39705
45,908788
45,708904
45,555301
46,453726
45,86141
45,61777
45,588141
45,464386
45,396133
45,377459
45,724871
45,483857
45,9504
46,273552
45,690748
45,421307
46,192201
45,317976
45,470161
45,466571
45,95719
45,674421
45,45445
45,637274
45,290382
45,533552
45,706798
45,71181
45,822529
45,566866
45,833657
46,057255
45,648167
45,425402
45,77049
47,887842
46,207167
46,493539
45,992406
45,86939
45,363939
46,054314
45,7085
47,435334
45,518407
47,298142
45,773615
45,867608
46,46218
45,24209
45,606529
45,320148
45,796527
45,488933
45,627881
45,885024
46,439566
45,674548
45,736971
46,802877
45,72924
46,237152
45,393314
45,480405
45,660147
45,168817
46,971649
45,648495
45,756426
45,711822
45,399027
45,969677
45,726727
45,460803
45,686001
45,456276
45,273197
45,970175
45,386859
45,597714
45,393201
47,482513
45,807262
45,080788
45,660803
45,412046
45,493377
45,650773
45,399968
45,622143
45,628577
45,192856
45,763405
45,163795
45,937581
45,678349
45,477013
46,221803
45,643918
45,32178
45,807141
45,622941
45,582003
46,402075
45,826058
47,189615
45,803976
45,240984
45,77868
45,567954
45,509568
45,29396
45,369402
45,658608
45,541369
46,065638
46,439771
45,876522
44,914518
44,135051
44,397892
44,048108
44,486235
44,41929
44,457244
45,875574
43,683952
44,495652
44,044424
43,995203
45,093492
44,051762
45,259347
44,294233
43,684724
44,33958
45,260704
45,556763
45,764735
45,354862
45,485136
47,173423
45,606015
45,286342
45,836385
46,034357
45,45178
46,932248
46,043165
45,647186
45,701421
45,692231
45,485904
45,700192
45,41859
45,568169
45,695395
45,530216
45,772911
45,380341
45,798608
45,507338
45,810607
45,536998
45,696155
45,320561
45,629888
45,599275
45,586217
46,96626
45,45473
45,570915
45,376313
45,604839
46,238782
45,503174
45,89375
45,476117
45,511844
45,432064
45,664221
45,573483
45,407382
45,638752
45,501832
45,777975
45,421491
46,221701
45,704275
45,625389
46,212193
46,243017
45,394259
45,742534
46,208636
45,676901
45,905426
45,383919
46,613809
45,642182
45,451463
45,594605
46,659878
46,831306
47,403963
47,104794
47,563448
46,913532
46,838976
47,312232
47,194532
47,061135
47,773809
47,031385
46,874378
47,357507
46,879348
46,922426
47,055575
46,515604
47,543206
46,716473
47,142799
46,998551
47,258378
47,6546
46,003739
45,544445
45,487168
45,373415
45,883466
45,797622
45,666822
45,459496
46,075024
45,385947
45,616077
45,880156
45,752791
44,194769
44,03091
44,820751
44,136129
43,945317
44,486921
44,175017
44,119669
44,91184
44,254382
44,206222
44,021407
46,612787
45,502852
45,647537
45,723494
45,865591
46,625333
45,566589
45,62967
45,410233
45,53218
45,791227
45,356279
45,595866
46,002965
45,680129
45,285992
45,747567
46,404353
46,271057
51,590544
51,28606
45,078544
45,629737
45,95725
45,881182
46,377508
45,978709
45,597403
45,504638
45,450918
45,688305
45,229366
45,366053
46,320896
45,483998
45,387127
45,348702
46,183082
45,84348
46,16129
45,473731
46,134525
45,706186
45,188417
45,631563
45,372509
45,759696
45,813547
45,905237
46,579658
45,461005
45,441416
45,503367
45,500742
46,070131
45,598242
45,144369
45,628855
45,587897
45,606503
45,778224
45,529906
45,908321
45,677546
46,102178
45,769258
46,023721
45,305735
45,674396
46,216053
45,226349
45,860595
45,908516
45,627646
46,150378
45,511482
45,816073
46,641791
45,262729
45,846362
46,493097
46,016331
46,011129
45,228783
45,457989
45,730139
44,773588
45,781656
45,219201
46,174603
45,807879
46,89463
47,12692
46,430822
45,399914
45,375955
45,731581
45,437213
45,526961
45,375725
45,707932
45,661702
45,038875
44,753144
44,224547
44,383544
44,295936
44,204027
44,200917
45,554745
44,593195
44,454393
44,27916
44,775222
44,35461
44,765345
44,147553
44,187355
44,152897
44,739219
45,54153
45,38133
46,141879
45,597522
45,453181
45,537858
45,507299
45,962516
45,633516
45,512757
46,499761
46,460031
46,6173
46,06735
46,405338
45,574213
47,537149
46,682529
45,629211
46,468968
44,992545
46,186615
45,836455
45,126622
45,665332
44,925059
45,729527
46,186269
45,956876
45,609768
45,576881
45,973536
45,931297
47,357411
46,729616
47,455683
46,81055
46,97065
49,238121
46,684566
47,310179
47,04935
46,824439
47,809976
47,089481
46,624245
47,082306
46,694354
47,136226
46,864125
47,228156
47,104445
47,070645
46,873417
46,836254
47,034564
47,361197
47,365418
47,324434
46,980127
45,944361
45,35117
45,795959
46,994432
45,368522
45,62062
45,478629
45,287922
45,963001
45,650614
45,549898
45,795876
45,606319
45,395206
45,673792
45,458535
45,431122
45,73165
46,353584
45,765092
45,772525
46,587841
45,844061
45,541418
45,702587
45,370848
45,454405
45,632688
45,213227
45,387274
45,707896
45,578872
45,841762
45,554343
45,404223
45,605306
45,371082
45,683194
45,447212
44,998879
46,243298
45,596622
45,568272
46,957295
45,441024
45,595421
45,509821
45,24506
45,715313
45,808439
45,431211
45,271329
45,400763
45,378976
45,348505
45,522284
45,590496
45,401789
45,702866
45,904228
46,307326
45,761453
46,248923
46,91317
46,430892
46,792194
46,112522
46,207634
45,421261
46,307129
46,58956
45,366683
45,84163
45,494061
45,402169
45,414183
45,288459
45,954138
44,58973
45,349512
44,510555
44,912873
44,20021
43,495846
45,269036
44,507252
44,962616
44,291853
44,687763
44,841917
44,658774
44,947479
44,642775
45,801369
44,706972
45,233621
43,816796
44,795737
45,662406
45,535511
45,75351
45,771994
45,52801
45,849144
45,67627
45,259594
45,799975
45,090187
45,42045
45,960133
45,829587
47,180125
45,70745
45,802963
45,367517
45,472281
45,330185
46,102773
46,250156
45,430757
45,737146
46,445701
45,809472
45,430119
45,982293
47,42417
47,156572
47,821859
49,577689
46,983482
44,802889
45,963385
43,976614
44,332358
44,209842
44,025161
44,564312
44,565142
44,00462
44,17957
44,125713
44,284566
44,384217
44,635312
44,054769
44,382903
44,097525
44,38022
44,280386
44,11842
44,597776
44,337472
45,153439
46,973084
45,517645
45,74503
45,546678
45,410219
46,835174
46,911191
46,960714
47,811429
46,990445
46,842367
46,885554
47,178773
46,694371
47,010283
47,396996
47,039222
46,985701
46,87871
47,043054
46,695803
46,457595
45,303879
44,013511
44,252076
44,467003
43,903032
44,563286
44,674718
44,155705
44,275514
43,695066
44,396635
44,048502
44,362982
44,132866
43,831146
44,242984
44,574643
44,028544
44,267961
45,018569
44,197475
43,942729
45,203717
44,201051
44,254955
44,961681
44,026335
44,122658
44,25578
44,725531
44,502217
44,151682
43,991746
44,611108
44,328743
45,366969
45,561788
45,108024
45,660529
45,806212
46,312125
45,778735
45,956581
45,625463
46,073774
46,920938
45,506601
45,395233
46,994793
45,733823
45,43512
45,86715
45,626255
45,280401
46,027586
45,742206
45,789089
45,748145
45,870707
45,657852
45,44689
45,278418
45,46864
45,897556
45,34186
45,538884
45,264344
47,257627
45,619505
45,764812
45,401706
45,793868
45,339637
45,669834
45,434896
44,222815
44,184603
44,156192
44,059121
44,36678
44,61859
44,281809
44,385599
44,209388
44,198559
44,357953
43,999043
44,630922
44,454279
44,374817
44,413228
43,980222
44,319715
44,103698
43,909277
44,136209
44,402358
43,98871
44,20323
44,796903
44,531178
45,98226
45,134744
45,941566
45,752556
46,308541
45,412096
45,865236
45,988391
45,403221
45,714585
46,454895
45,337515
45,445197
46,322908
46,148195
45,783641
45,932091
45,617119
45,557455
45,465176
45,625992
45,467105
45,602541
45,031459
45,643709
45,857678
45,70071
46,24097
45,629795
45,768597
46,42339
45,301403
46,897688
45,671095
45,429484
45,827744
45,323574
45,364365
45,975294
46,013884
45,28506
45,471646
45,921566
45,816621
45,5284
45,655063
45,790493
45,573662
45,540516
45,673181
45,458832
46,048945
45,617587
45,256904
45,724276
45,757344
45,177405
45,471326
45,847748
45,920187
45,893883
45,489964
45,435601
45,809671
46,001606
45,517744
45,570334
45,568521
45,86983
46,270771
45,459775
45,571492
45,670003
46,080836
46,046357
45,307457
47,588626
45,732664
45,714411
45,753356
45,699944
45,447378
45,600263
45,433418
45,340872
46,454202
45,588042
45,826676
45,301389
45,371704
45,394664
45,643904
45,591834
45,626726
45,457757
45,442304
45,304805
45,611855
45,335497
46,00239
45,319305
45,572999
45,980676
45,481266
45,286523
45,578258
45,670086
45,596483
46,03556
45,325155
45,764858
45,216049
45,766935
45,409636
45,636947
45,538511
45,328306
45,66311
45,680686
45,61974
45,716943
45,377817
46,022492
48,676729
45,947206
45,463984
45,434261
45,606213
45,634023
45,360132
45,929746
45,909936
45,669325
45,567187
45,622898
45,691578
45,682125
45,381773
45,948556
45,267488
45,831689
46,206541
45,251681
45,469397
45,307793
45,606655
45,619551
45,390678
45,558635
45,582808
45,545835
45,838443
45,434849
45,227716
45,606429
45,231787
45,849818
46,112975
46,00157
46,103822
46,036277
45,400163
45,634918
46,15337
45,664206
45,599425
45,628747
45,632235
45,983896
45,239543
45,668727
45,313883
45,600252
45,542948
45,610077
46,496625
45,36892
45,889149
45,358377
45,649942
45,628756
45,954518
45,787008
45,558733
45,8825
46,335106
45,876499
45,813145
46,033309
45,398148
45,266787
46,30575
45,427843
45,736569
47,913881
45,129375
45,336182
45,582538
45,374459
45,776538
45,370389
45,663659
45,955837
45,473587
45,773061
45,744026
46,000291
45,499941
45,697155
45,681124
45,706088
46,884935
45,71564
45,924036
45,716611
45,752285
45,808405
45,456812
46,069376
57,705933
45,997261
45,284837
45,469926
45,37916
45,600953
45,872566
45,789057
45,638396
45,748279
47,056155
45,560836
46,434461
45,241244
45,542444
45,474894
45,606386
45,505813
45,711212
45,443891
45,780001
45,564443
46,11472
46,346508
45,751415
45,947048
45,473187
45,614263
45,457658
45,70067
45,316982
46,036335
46,050126
45,84424
45,766142
45,858129
45,372544
45,771181
45,72042
45,480726
45,414767
45,573601
45,815322
45,60577
45,447544
45,504201
45,335231
46,092029
45,845211
44,332097
44,73101
44,715009
45,032382
43,610114
45,16939
44,247893
43,83678
45,409916
44,970092
44,317616
45,160387
44,317505
44,405539
44,053257
44,743539
44,830486
43,964774
44,796222
44,092719
44,310293
45,756333
45,630925
45,668073
45,878504
45,439099
45,750044
46,891164
45,289644
45,592117
45,20211
45,649685
45,85608
45,425941
45,669773
45,565621
45,974297
45,574177
45,48192
45,590791
45,789602
45,674955
45,991227
45,505937
46,208507
45,891747
45,836546
45,189866
45,519587
46,024695
45,849095
46,322405
45,373772
45,670985
46,103777
45,483778
45,952031
45,864077
44,881328
44,689844
43,847729
44,314191
44,215534
44,185473
44,336271
44,541595
43,994298
44,831161
44,439549
44,108851
44,509059
45,646162
45,676973
45,186016
45,501021
45,210765
44,522471
44,632854
44,588141
44,77565
45,084851
44,149489
45,145832
45,393138
45,8515
45,94941
45,472704
45,475311
45,582316
45,907146
45,729987
45,335504
45,644669
48,049651
45,179971
46,211383
45,681124
45,287161
45,494017
46,556174
45,677613
45,820976
46,184664
45,285643
45,97495
45,631606
45,74102
45,717055
45,659992
45,303018
45,621267
45,943504
45,398424
45,942109
45,438197
46,558078
45,593685
45,588564
45,70934
46,016959
45,402195
45,716137
45,858692
45,626553
46,138097
46,214683
45,546426
45,535269
45,827152
45,715579
45,25113
46,751386
45,655746
46,406934
46,007557
45,331074
45,738232
46,535132
45,560291
45,716441
45,385062
45,808193
46,240675
46,223284
45,323644
45,24465
45,618602
46,835316
45,356266
45,238206
44,698456
44,560845
44,201176
43,953685
44,886073
44,543394
44,014241
44,33868
44,459469
44,851186
44,411126
44,121204
44,190202
44,137222
44,229465
44,603282
44,07646
44,362836
43,975134
44,765209
44,756313
45,778323
45,685249
46,062744
45,514878
45,418982
45,784706
45,647368
45,371917
45,226502
45,96997
46,534735
45,200493
45,686655
45,916524
46,601885
45,52168
45,414255
45,839733
45,026358
45,850447
45,656561
45,334719
45,44237
45,372328
45,757382
45,400061
45,685922
45,703319
45,729637
45,691379
46,127301
45,196857
46,78245
45,669867
45,473641
45,643318
45,517783
45,578248
45,596363
46,264107
45,529399
45,884736
45,113366
46,077083
45,466779
45,915085
45,453049
45,398326
45,734204
45,84555
45,661637
45,526719
46,379929
45,694037
46,279438
45,621053
45,633578
46,710446
46,348622
45,386298
47,087389
46,688315
45,582027
46,99178
45,917012
45,69125
47,080834
45,606067
45,485727
45,687675
45,69001
46,147256
45,843224
45,593835
45,498733
45,69094
46,234984
45,050546
44,35354
44,149383
44,142496
44,122906
44,518772
44,491393
43,987314
44,108838
44,18461
44,036589
44,301324
44,174893
44,431126
44,741076
44,225278
44,273924
44,113185
44,29572
44,215317
44,202507
44,735176
44,183648
44,236585
44,205239
43,908139
44,242654
43,99787
45,826614
45,480636
45,631343
45,692261
46,287222
45,527813
45,446261
45,145202
45,458127
45,484596
45,243729
45,683086
45,300093
45,538288
45,858327
45,712111
45,400063
45,583069
46,337941
46,211586
45,780044
45,419067
45,22989
45,616304
45,52045
45,880588
45,717349
45,284579
45,59267
45,726207
45,258494
46,050965
45,575709
45,657174
45,336376
46,238707
45,550843
46,635686
46,443185
45,687486
46,1919
45,115027
45,919527
45,608636
45,383808
45,804654
45,460993
46,003704
45,553944
45,252769
45,316974
45,563233
45,404248
45,545489
45,81759
45,480873
45,566501
45,314366
45,40016
46,524421
46,104812
46,876663
45,853686
45,865407
45,571081
45,28852
45,511887
46,580112
45,728075
45,363296
45,980095
45,308684
45,387139
45,356773
45,707703
45,780354
45,960604
45,624527
45,799223
45,752095
45,309904
46,350191
46,102424
45,620284
46,761414
46,156233
45,593467
46,130524
44,259918
45,921154
46,726293
46,715593
45,680079
46,92042
46,958059
45,977494
46,836384
44,435303
44,570376
44,390702
44,366279
43,850605
44,847945
45,470714
44,349062
44,205326
44,543622
44,137397
44,288244
44,144731
44,119672
44,16212
44,862077
44,315235
44,542926
44,779941
44,306301
44,669443
44,324356
44,032849
44,555813
44,284809
44,973236
45,923829
45,140028
46,727384
45,221543
45,664242
45,82376
45,2316
46,412807
45,364696
45,752775
45,359558
46,074558
45,587124
45,343716
46,113508
45,298133
45,729548
46,362476
46,414418
46,413909
45,417167
45,274042
45,467064
45,952407
45,707125
46,664419
46,388815
45,738522
47,341128
45,452026
45,886864
45,364887
45,736426
45,496425
45,840614
45,642751
45,339871
45,62988
45,670326
45,323305
45,915916
45,216367
46,00667
46,297005
46,116008
45,823636
47,329176
46,300059
45,537109
45,622751
45,83087
45,769436
45,599017
45,383447
46,059112
43,983726
44,088487
44,467526
44,144683
44,3648
44,152247
44,942039
44,276719
44,296515
44,173047
44,243823
45,037751
45,776399
47,701387
45,741667
45,876102
45,433138
45,926486
45,698002
45,487444
45,648711
45,248605
45,703763
45,80026
45,578647
45,584658
45,612795
45,500184
45,692973
45,242145
45,830469
45,321919
45,530948
45,512223
45,692594
45,986387
45,701464
45,551654
45,964597
45,555781
45,638672
45,51133
45,394759
45,48935
45,572817
45,530758
45,452036
45,451061
45,583914
45,470085
45,345223
45,475918
45,601326
45,688411
45,717448
45,809183
45,510609
46,172152
45,471461
45,347234
46,490954
45,54156
45,690733
45,942495
45,705796
45,091914
46,404834
45,311912
45,447474
46,061544
45,284549
45,717419
45,574927
45,369606
45,949204
45,99024
45,226105
45,659561
46,504306
46,100834
45,834791
46,707698
46,319591
45,827773
45,423258
45,392791
45,601606
45,268407
45,747041
45,623365
45,472481
45,87397
45,544941
46,030314
45,655475
45,081496
44,422369
44,098851
44,030407
44,637079
43,90018
45,249737
45,337296
44,391734
44,151744
44,224322
44,12527
44,242281
44,132649
44,382024
44,400181
48,901245
44,33747
44,096694
44,223558
43,825148
44,423745
44,105966
44,182325
44,896558
46,063873
45,490545
47,548382
47,755392
47,721327
46,950391
46,919904
47,333
46,880576
46,999605
46,902088
46,725649
47,140377
46,894652
46,603792
46,99271
47,198505
46,795355
47,087999
46,981425
47,024817
46,841415
47,105171
46,927165
45,103814
44,141382
44,392793
44,516261
44,13484
44,17473
44,37233
44,000046
44,303505
44,014617
44,155585
47,72726
48,557834
44,002873
44,78013
44,073534
44,310603
44,191538
44,376836
44,997284
44,754803
44,219893
43,953978
47,215816
45,893921
45,498234
45,835955
46,544783
45,264645
45,495614
45,231099
45,659918
45,693684
46,236176
45,706076
45,412094
45,437146
45,663849
45,498339
45,228654
45,65662
45,610695
45,271451
45,376517
45,369376
46,315275
45,437991
45,663879
45,439695
45,597755
45,626227
45,389313
45,456885
45,726694
45,166016
45,490986
45,352817
45,530328
45,447504
45,224865
45,525308
45,245645
46,093299
46,022067
45,539465
46,117185
46,600558
45,97295
44,330938
44,800684
44,104451
45,316017
44,031009
44,570036
44,22412
44,422019
44,245852
44,673776
44,732539
44,238135
44,702857
44,023234
44,053701
44,479999
44,769054
45,693564
44,891642
44,751868
45,327964
44,592
45,319413
46,319502
46,081028
45,595727
45,315705
45,583666
45,540503
45,606732
46,195304
45,656593
45,777507
45,632639
45,58633
45,55133
45,129387
45,502193
46,268693
46,175454
45,557228
45,63187
45,349829
46,341708
45,579163
45,489963
45,55299
45,546906
46,133258
45,932552
45,661629
45,37014
45,455815
45,461892
45,623597
45,836727
45,84637
45,70342
45,571979
45,910152
45,537909
45,849514
45,224931
46,032081
45,628869
45,671736
46,097382
45,598762
46,185179
45,842889
45,659575
45,337648
45,367347
46,708028
45,656317
45,953012
45,405215
45,482476
44,145845
44,821008
44,53116
43,814189
44,632502
43,917949
44,340273
44,153046
44,639292
46,471672
44,147657
44,320268
44,407787
44,247207
44,311071
44,162659
45,573317
44,640973
44,592941
44,305735
44,327591
44,023087
44,596993
45,975829
45,365798
45,701553
45,849748
45,879343
45,806425
45,261212
45,507207
47,431252
45,505978
45,716115
45,299247
45,763724
45,411658
45,073787
45,905276
45,220685
46,140149
45,658449
45,50798
45,804301
45,957574
45,30704
45,554021
45,563729
45,787375
45,725625
45,574204
46,320116
45,229509
46,884091
45,701245
46,183549
45,615681
45,33072
45,689865
45,924562
45,516498
45,237951
46,266237
45,709881
45,466116
45,497308
45,33915
45,644518
45,389722
45,296082
46,807783
45,179226
45,646939
45,424296
46,140265
46,171867
45,567111
45,682524
46,231259
45,37512
45,624161
45,595356
45,348976
45,434351
45,814795
45,474856
45,627571
45,292005
45,704419
45,406266
45,468603
45,846401
45,729767
45,576709
45,235376
45,650931
45,522571
46,234822
45,673996
45,269614
46,189185
45,683962
45,188973
45,73017
45,405642
45,333371
45,636171
45,210265
45,516785
45,378127
45,348421
45,480665
45,564802
45,616343
45,965659
45,426025
45,731206
45,528142
45,585182
46,960168
45,211866
46,174569
45,797293
45,487936
45,610459
46,051183
45,663682
45,801657
46,008758
44,397313
44,232401
44,140312
44,700794
44,767622
44,013197
44,449103
44,537231
44,476023
44,312317
43,793016
44,132826
55,780463
54,870383
48,510039
44,567928
43,964491
45,617146
46,24273
45,866258
48,528975
45,185318
45,622609
44,692402
45,546028
46,238731
46,508505
45,541667
46,166647
46,204759
45,402197
45,913564
45,755727
45,591384
46,688936
45,397632
45,707464
46,102085
45,120175
45,801645
45,630746
45,311271
45,724175
45,302164
46,122522
45,607946
45,158026
45,406289
45,91265
45,362762
46,450481
45,552317
46,31759
45,56166
45,974804
46,128927
45,563604
45,65395
45,382583
45,693889
45,606277
45,51875
45,393859
46,100638
45,677194
46,03888
45,399166
45,410288
46,103332
46,400496
45,967038
45,289782
45,89092
45,632811
45,56656
45,454998
45,442195
45,843251
45,363122
46,082158
45,314686
45,851784
45,921811
45,652233
45,977842
45,434996
45,760187
45,352963
45,689237
45,563911
45,589396
45,840343
45,692325
45,415154
45,805755
45,918288
45,095796
45,856217
45,538759
46,121705
45,662667
45,53723
45,200298
46,379122
45,865327
46,32826
45,639406
45,700201
46,011295
45,868085
46,016777
45,33299
45,668004
45,440409
46,485678
46,052573
45,841019
46,158674
48,28419
45,424438
45,518153
46,010074
45,645726
46,523174
45,714301
45,50692
45,573999
45,436162
45,803392
45,514952
45,794914
46,017009
45,570359
45,293339
45,612617
45,269543
45,697993
46,596594
46,446913
45,651742
45,742314
45,30488
45,513252
46,578684
45,371609
45,279356
45,367206
45,678719
45,599894
45,393938
45,99393
45,699205
45,794478
45,623026
45,792477
45,365449
45,559457
45,729688
45,893229
46,604917
46,828013
45,747367
45,905131
46,6323
45,490938
46,100727
46,229965
45,502543
45,600489
45,560693
45,713411
45,977329
45,492085
45,882259
45,703172
46,230385
45,825263
45,399171
45,554318
45,668316
44,952285
45,463155
45,366922
45,8921
46,598992
46,060226
45,445501
47,037121
45,771162
45,774568
45,749384
45,671063
45,661407
45,429158
45,889472
45,836659
45,401559
45,520563
45,362271
45,593668
45,49932
45,042546
46,050272
45,612335
45,63354
45,650713
45,352799
45,725979
47,107942
47,195319
45,628934
45,84076
45,549017
45,530193
45,618065
45,673163
45,57837
45,439027
45,472087
46,165892
45,329113
45,685956
45,159688
45,390944
45,334189
45,830305
45,789482
45,956483
45,603127
45,938229
46,398692
45,620687
46,36966
45,791684
45,690873
45,401741
45,547859
45,577165
45,617239
45,462467
46,658886
45,322547
45,640698
45,328107
45,626426
45,547438
45,738443
46,100757
45,985916
45,540132
45,944308
46,252291
46,968254
45,388748
45,499665
45,747896
45,706093
45,817336
45,473958
45,622959
45,740153
45,365125
46,118078
45,259635
46,06915
45,587233
45,274582
45,646758
45,628047
45,542838
45,926272
45,749276
45,744702
45,790932
45,345093
45,693951
45,626413
45,571128
45,747081
45,305691
45,679
45,458693
46,235625
45,484806
45,516426
45,510163
45,451629
45,282815
46,096424
45,70824
45,920076
45,932925
46,080816
45,357583
45,805945
45,192315
46,709421
45,458997
47,847988
45,598114
45,401414
45,942504
45,594037
45,297846
45,608748
45,678005
45,997282
45,937782
44,629904
44,328064
44,313634
43,871802
44,217689
44,142612
44,423275
44,207347
44,235951
44,289887
45,080823
44,438263
44,587314
44,79754
44,447634
44,318225
43,948571
44,36183
44,506017
44,004419
44,705102
44,429058
44,100476
44,113719
43,913117
44,40751
44,916933
45,968957
45,894672
45,519201
45,75824
46,012874
46,238014
45,587633
45,777173
45,603014
45,509467
45,543386
45,327018
45,478753
45,928205
45,261986
45,64891
45,396267
45,442455
45,977407
45,156416
45,867347
45,389679
46,10002
46,253064
45,755902
45,822211
45,566631
46,227066
45,829306
45,532131
45,608275
45,555911
45,361476
45,517265
47,572473
45,274799
45,441017
45,618145
45,197901
45,8936
45,385556
45,289442
45,113259
45,859438
45,489583
45,928654
45,726981
45,80461
45,819462
46,360105
45,584573
46,162599
45,475684
45,716657
45,815679
45,631179
45,464036
45,930694
57,409398
46,256539
46,180502
46,191033
45,355042
45,037902
45,799437
44,322141
44,52378
45,081012
44,416002
45,128473
44,435144
45,404935
44,42066
45,308132
44,806568
44,193349
44,452873
43,828443
44,246097
44,158932
44,158948
44,667701
44,310796
44,706261
44,837249
44,333387
44,481363
44,510006
44,246718
44,161792
44,221936
45,406568
45,90587
46,215687
46,202421
45,587538
45,68196
45,926987
46,198724
45,907302
46,25356
44,828135
46,204939
45,515661
45,318933
46,168675
46,847805
45,277733
46,322862
45,791551
45,281324
45,503835
45,656964
45,900457
45,593482
46,478425
45,586944
45,442477
45,634744
47,324362
45,853827
45,734509
46,054445
45,461186
46,408429
46,011668
45,96779
46,908973
45,271978
45,227793
44,086683
46,315492
47,181464
46,671401
45,736923
45,55439
46,494101
48,380799
46,258095
45,657771
46,840084
46,824655
45,325346
46,499975
46,13135
45,632176
45,597736
45,665942
45,408587
46,158184
45,506238
45,098884
46,107702
45,192152
44,037121
43,990586
44,121834
44,746346
44,346951
45,574785
44,34981
44,335167
44,22754
44,138234
44,313922
44,199664
44,961462
44,36351
44,819594
44,655039
44,284439
44,165913
44,714594
44,25735
43,927754
44,350434
46,014832
45,702181
45,727337
46,235247
45,683164
46,741439
45,301298
45,654372
45,682826
45,672032
45,806503
45,535791
45,819304
46,213867
46,092516
47,25775
45,44567
44,960653
45,725842
47,160201
45,066907
45,843249
46,235421
47,117818
45,656721
45,595042
45,452833
48,609268
46,088868
45,767983
45,263772
45,441839
45,800907
45,889386
47,442985
45,750897
44,438694
47,38051
46,917617
45,537458
45,424194
47,627651
45,928079
45,949896
46,218004
45,926029
45,621607
45,676159
45,82008
46,759569
45,593953
46,058191
45,126751
44,297787
43,932425
44,278635
45,736518
45,946067
45,346034
45,814284
45,627213
44,794734
44,394261
44,576831
44,202611
44,194685
45,277984
44,099702
44,412816
44,915116
44,229829
45,626741
44,899223
45,052101
45,377116
45,843634
46,295409
45,912899
46,442153
47,28465
46,092354
45,640962
45,403499
45,757409
45,645312
45,56934
46,258559
45,801883
45,285071
45,737991
45,746922
45,696926
45,781992
46,466499
45,316319
45,439778
45,71952
45,924321
45,259956
45,495879
46,234784
45,320246
45,708309
45,525102
45,695843
45,251614
45,450851
45,415977
45,784464
45,669334
45,135485
45,747089
45,645528
45,436587
45,467968
46,223085
46,348504
45,747965
45,417911
46,05278
45,729028
45,346829
46,193809
45,547418
45,577672
45,808746
45,649881
45,322645
45,568118
45,400765
45,571961
45,982049
46,020268
45,674642
45,46554
46,278029
45,419809
46,162565
45,762753
45,422135
45,597625
45,346243
45,421605
45,916387
45,868033
45,465613
45,684918
45,405151
45,800629
45,764415
45,674373
45,943154
45,759125
46,056804
45,627557
45,41194
46,694237
46,24161
47,0776
45,77968
45,60307
45,839221
45,529045
45,774788
45,909575
46,153898
46,777262
45,539081
45,730781
46,983347
46,68221
45,263654
45,510114
45,86814
44,720235
44,400904
43,801727
44,462169
44,52066
44,160288
45,345498
44,762306
44,25032
44,144191
45,057327
44,116163
49,13746
44,608081
44,039851
44,418033
44,183138
44,415876
44,327826
44,586064
44,228926
44,234872
44,679897
44,084662
44,474171
44,283573
44,282217
44,465211
47,126785
47,553829
46,563042
47,314081
46,874754
46,911501
47,160786
47,311923
46,914894
46,834585
46,848612
47,033047
47,228936
47,103718
46,954477
46,822631
47,138155
47,606191
47,675274
46,824509
47,527046
47,203253
45,355558
45,30718
45,053137
43,97601
44,408805
44,665664
43,894143
44,0924
44,914209
44,345573
45,303735
44,303695
44,112778
44,735178
44,265049
44,242732
44,625756
44,857072
44,208244
44,880785
44,069884
45,096745
44,169998
44,57878
44,434247
44,002678
44,329986
43,911513
44,726269
44,341041
43,998762
44,237102
44,190412
44,581005
44,429638
44,247712
45,482073
45,833493
45,208327
45,96373
45,800499
45,48412
45,463123
45,61644
45,645261
46,832918
46,250696
45,60039
45,12486
45,730446
45,666422
47,089062
46,064354
46,092766
45,945442
45,675007
45,356685
46,638167
45,415977
45,933479
46,358907
45,367432
45,84342
45,351744
45,775182
46,050667
45,601489
46,320829
45,708093
45,764847
45,455031
45,591116
45,505956
45,991548
45,653053
45,17314
45,856439
45,751676
45,465623
45,766754
45,173626
45,494691
45,5362
45,343929
45,802489
45,47373
45,820784
45,719645
45,78795
45,640535
45,587744
45,350564
45,45893
45,657701
44,049981
44,216824
44,765837
43,714591
44,229645
44,744179
44,121394
44,003191
45,002712
44,385382
44,703814
44,760791
44,557061
43,945849
44,104641
44,270054
44,801543
45,226486
44,094927
44,133141
44,346537
44,312383
44,529272
44,304564
45,931273
46,004267
45,843997
45,53981
45,492641
45,314823
45,952967
45,774444
45,421418
45,837694
45,585384
45,293107
45,782242
45,827085
45,762949
48,681059
45,6457
45,487606
45,717876
45,3167
45,475906
45,533211
45,499947
45,818829
45,167197
45,746065
45,405206
45,715192
45,948081
45,931109
45,116302
45,370026
46,991562
45,610744
45,443554
47,321835
45,825555
46,387377
45,636927
45,620233
45,430591
45,720675
45,351927
46,801436
46,418581
46,212899
45,799633
45,580842
45,282936
45,762749
47,084667
46,580815
46,201885
46,426235
45,708503
45,233243
46,144195
44,326771
44,225577
44,818985
44,013736
44,372567
44,044441
44,711339
44,400637
43,761368
44,248745
44,538114
44,12099
44,398646
44,574272
43,794098
44,674505
43,911214
44,368782
44,322149
44,339466
44,117466
44,074867
44,69721
44,194218
44,875867
44,219844
44,049484
44,381181
46,034479
45,327681
45,384673
45,883097
46,013438
45,605256
46,34667
45,448286
46,035514
45,678019
45,46276
45,742689
45,502011
46,022822
45,727836
45,209866
45,890315
45,644352
45,50698
46,668837
45,441419
45,86129
45,553653
45,384782
45,816145
46,129276
45,893028
46,002065
45,754091
45,569895
45,755243
45,950029
46,167949
45,977494
45,464923
45,815619
45,171595
45,608039
46,677512
45,602403
45,986318
46,030727
45,403024
45,951386
45,349906
45,422368
45,753785
45,518661
45,619441
45,672078
46,100304
45,430647
45,736304
45,401552
45,821908
45,498748
45,603605
45,641265
45,372589
45,580108
45,313833
45,589135
46,417802
45,619473
45,355385
46,208899
45,441626
45,398642
45,38254
45,651861
45,620118
46,607902
45,462719
45,187546
45,680068
45,560657
45,325643
45,937633
45,677446
45,352525
45,767795
45,430253
45,515094
45,335623
45,507272
45,769891
45,524442
45,689682
45,857873
45,501132
44,293354
44,063251
44,480739
44,496094
43,837443
44,267456
44,113846
44,15086
44,211686
44,2461
44,398887
43,99123
44,078743
44,102921
44,019097
44,91644
44,742454
44,245245
44,348339
44,537583
44,369933
44,537836
44,47345
45,921079
45,520151
45,805094
45,672922
48,711364
52,30287
45,670821
45,077393
45,758914
46,515779
46,649028
45,604343
45,435962
45,417609
45,462547
47,024703
45,565197
45,350788
45,761073
45,464036
45,754203
45,486992
45,949747
45,609609
45,807228
45,708042
45,659194
45,23862
45,9531
45,824787
45,424733
45,623854
46,018885
45,398664
45,425984
45,50536
45,997739
46,855364
46,044349
45,317499
45,088991
45,642565
45,345114
45,363208
47,039717
45,301523
45,667568
45,837822
45,280106
46,260452
45,309868
45,453172
45,712126
45,139992
45,594007
45,320672
45,30431
46,370028
46,174228
46,461434
45,6968
45,480785
45,334838
45,371453
46,176995
45,389203
45,473273
45,485819
46,147402
45,945767
46,09661
45,181133
45,547292
45,5918
46,021196
45,681336
45,798483
45,375014
45,592377
45,490193
46,571315
45,676911
45,261747
45,223384
45,401168
45,445116
45,308276
45,829899
45,740606
45,868579
45,404153
45,683375
45,399792
45,995954
45,86893
45,497682
45,886561
45,710522
45,583793
45,747573
45,486647
46,154518
44,325662
44,637579
44,465253
43,906927
44,505569
44,217007
44,383528
44,070667
44,934418
44,773379
44,330197
44,394411
44,502782
44,390651
44,063878
44,765583
44,499259
43,900486
44,371892
43,812097
44,236252
44,168057
46,067796
45,68051
45,814213
45,385402
45,244217
45,911787
45,512353
45,65296
45,302776
45,689106
46,064426
45,836908
46,094269
45,406737
45,52622
45,372331
46,798033
45,619409
45,382318
46,462899
45,528947
45,554824
45,630597
48,819999
45,989615
45,994579
45,222591
45,788454
45,887383
45,782527
45,396243
45,95501
45,766629
45,583785
45,480929
45,497251
45,710258
45,895928
45,844571
45,370329
46,318072
45,306285
45,789591
45,419694
45,492059
47,343592
45,644757
45,404629
45,565535
45,365855
45,42596
45,62825
46,303243
45,604157
45,668268
45,82566
43,917928
44,162066
44,319099
46,505488
44,540888
44,463846
44,302965
43,842808
45,434063
44,357437
45,5882
45,079678
44,51637
44,068274
44,088623
44,691982
44,277736
44,418181
44,175647
44,284808
44,17057
44,448414
44,650565
44,069137
44,361487
44,019463
45,012454
44,415118
44,012962
44,522003
44,463542
45,919019
45,419125
46,728041
46,538015
46,360785
45,954968
45,430552
45,433941
46,099968
50,744
45,735829
45,781744
45,301122
45,222019
46,204304
45,525128
45,267769
45,741604
45,394311
45,733984
45,588839
45,452617
46,070933
46,414865
45,576456
46,270695
45,83245
45,553883
46,171153
45,727252
47,119892
45,661567
47,084553
48,099532
45,670714
45,623199
46,960028
45,760321
45,173921
45,688807
45,377202
46,242041
45,243701
45,599234
45,543645
45,746071
46,182932
45,601766
45,61735
45,504538
45,788624
45,546507
45,351329
45,449006
45,524382
45,334061
45,475359
45,695262
45,411518
45,413203
45,246148
45,993215
45,486323
45,424247
45,90878
45,589237
47,665882
45,819599
46,908984
45,59391
45,435021
45,450142
46,405205
44,50068
44,428004
44,437565
43,843578
44,786353
44,568014
44,268903
44,488438
44,142296
43,979424
46,078946
44,450314
44,04748
44,429754
44,58144
44,067164
45,051457
47,693801
45,413253
45,361869
45,470884
45,467095
46,059915
45,530918
45,599221
45,71139
45,53972
45,447336
45,220015
45,682384
45,42451
45,547489
45,500967
45,665556
45,628758
46,098357
45,328477
45,476319
45,686545
46,581486
45,309758
45,700661
45,491544
45,326145
45,34464
45,730427
45,452285
45,476323
46,175824
45,426785
45,60353
45,428248
45,769534
45,739337
45,816595
45,998548
45,545392
45,64681
45,773417
45,451457
45,585837
45,995949
46,117289
46,135102
45,546156
45,360435
45,611576
45,444774
45,821042
45,870279
45,606506
45,98629
45,613634
45,263156
45,623037
45,87763
44,186447
44,136104
43,989424
44,481256
44,224576
44,335547
44,562041
45,535128
44,100737
44,326169
44,351631
43,776677
44,743438
44,440638
43,720373
44,4526
44,207519
44,377472
44,207883
44,259506
44,432332
44,88879
44,502584
44,547063
44,3225
44,080336
44,05606
44,391328
44,252005
44,799182
45,574043
44,212948
44,329868
44,379334
44,339743
44,383129
44,033143
44,250048
44,426189
44,548938
44,576024
44,267512
44,061555
44,176273
44,058055
46,490091
45,609799
45,447687
45,401974
45,631204
45,464547
45,889297
45,560373
46,047421
45,744016
45,521913
45,494568
45,482023
46,236643
45,555714
45,667825
45,674204
45,609183
45,315765
45,689705
45,446427
45,729141
45,740779
45,591575
45,751951
45,337999
45,61609
45,814815
45,422854
46,155999
45,425865
45,403408
46,352365
45,554032
45,598987
45,952594
45,471322
45,606213
45,706987
45,23079
45,604228
45,683713
45,579455
45,421251
45,63354
45,603643
45,604032
45,671869
45,874897
46,782765
46,003691
46,938457
46,653746
46,3501
45,559871
45,611097
45,759887
45,673315
45,279552
45,76614
45,820469
46,432954
45,616118
45,38889
45,357931
46,187224
45,637724
45,898433
45,827218
45,57126
45,232873
45,560801
46,710402
45,827459
45,924982
46,734669
47,397647
45,554417
46,496568
44,582425
44,128806
44,5567
45,367791
43,838429
44,562577
43,910807
44,412179
44,877257
43,97728
44,507658
44,158635
44,036918
44,634633
44,477354
45,851081
44,418287
44,532192
44,287149
44,635008
45,860696
45,607012
45,586739
45,523224
46,304202
45,77537
47,086977
45,263676
45,85663
45,601025
45,776297
46,02281
45,311685
45,785639
45,67767
45,702023
45,475811
45,372031
49,236571
45,717809
45,502704
45,549802
45,864952
45,529694
45,494279
45,574592
45,559388
45,185787
45,248129
45,612367
46,274023
45,530595
45,602113
46,094078
45,652019
45,484047
45,905942
45,632302
45,531689
46,015562
45,47155
45,540927
45,66543
45,360213
45,726733
46,031267
46,114947
46,023326
46,23124
45,775121
45,355704
46,248682
45,710107
45,88065
46,114194
45,252635
45,593451
45,444859
45,624424
45,699292
45,462071
47,126374
47,335253
45,655783
45,535823
45,245465
45,473964
45,299817
46,232378
45,825464
46,097087
45,620138
45,497643
45,39374
46,119359
45,597235
45,541424
45,540302
45,24603
45,632084
45,788795
44,650639
44,403782
44,568416
44,05388
44,6727
44,250333
44,433195
44,267218
44,143251
44,499533
44,71641
44,020969
44,121647
44,535211
44,543943
44,06958
43,896404
44,622585
44,479181
44,148444
45,063922
44,291788
44,136694
46,118804
45,923758
46,192079
46,024182
45,220882
45,803599
45,498621
45,652783
46,05258
45,264711
45,56401
45,444116
46,34022
47,050134
45,89597
44,966159
46,478906
45,380224
45,586338
46,043936
45,502437
45,763054
45,866925
45,582706
45,496581
45,849439
46,270505
47,907945
44,552438
47,343413
45,323961
45,719978
45,914308
45,60016
45,580459
45,040737
46,030537
45,873351
45,629152
45,989898
45,264053
45,417527
46,241171
45,701359
46,030232
46,711704
45,186536
45,505574
45,485838
45,411494
45,670518
45,628517
52,990227
48,129167
45,649357
45,345132
45,589885
45,731117
46,358558
45,409033
46,400365
45,675043
45,801955
45,57431
45,299486
45,474165
45,449699
46,235298
46,496572
45,348341
45,909829
46,113539
45,531782
46,055911
45,521282
45,469215
45,556504
45,554973
43,938216
44,258951
44,162118
44,489262
44,41057
44,307028
44,552959
44,182543
44,774659
44,454286
44,785186
45,107414
44,661365
45,345846
44,158348
44,654018
44,382827
48,834714
48,058128
46,267216
45,690876
46,040125
45,636831
45,67349
45,269901
45,775621
45,683147
45,793033
45,386974
45,150742
45,7089
45,424647
46,054693
46,338175
45,982662
45,75642
45,656089
45,341678
45,511779
45,723085
46,187729
45,997452
45,769167
45,541075
45,848309
45,634109
45,662713
45,611878
46,180488
45,324183
45,675293
45,590407
46,020633
45,737107
47,610177
45,844193
45,37252
46,513878
45,62519
45,460265
45,706095
46,277871
45,579549
45,510379
45,803657
45,44456
45,77499
45,212723
46,06622
45,735657
45,90385
45,706656
45,539681
45,571644
45,892918
45,741019
45,407755
46,421516
45,27692
45,590748
45,330405
45,824542
45,849033
45,496479
46,00671
45,627098
45,378836
45,786254
45,526763
45,885307
45,553962
45,748177
45,625794
45,630138
45,367788
45,367169
45,695946
45,443781
45,534062
45,789672
45,956966
45,271597
44,529302
44,572867
44,52018
43,971046
44,322225
43,989652
44,48594
44,10916
44,335043
44,005611
44,078724
44,459816
44,851921
44,446048
43,931823
44,39704
44,37966
44,253575
44,397923
45,270412
44,674137
44,676759
46,379882
45,415506
45,713215
45,921658
45,337034
46,247049
45,802622
45,574178
46,470641
45,718802
45,492131
46,058374
46,041127
46,068992
46,306466
46,320802
45,823317
50,131758
45,431935
46,13003
45,891518
46,047218
45,492711
46,205999
46,21306
46,30718
45,360457
46,217613
45,375662
45,579531
46,211331
46,184721
45,478637
45,928778
45,581497
45,500316
45,575086
46,412633
45,704267
45,335715
45,558715
48,754647
45,312864
45,808406
45,636693
45,126855
45,975298
45,45193
45,737795
45,949438
45,504561
45,142806
45,529926
45,778982
45,556743
45,949107
45,185521
45,782881
45,283663
45,881083
45,694546
45,607562
45,442626
45,524433
45,296372
45,468158
45,989311
46,069172
45,524532
45,525719
45,672796
45,586836
46,376467
45,11347
46,080101
45,751353
45,835011
44,27213
44,596773
43,867172
44,341618
43,827547
44,121373
44,186615
44,38877
45,588873
44,082389
44,144728
44,316045
44,057909
44,852661
44,208057
43,830015
44,821509
45,117697
45,811151
46,155441
45,956246
45,683561
46,613506
46,273797
45,34314
46,707116
45,394966
45,400763
46,506614
46,466501
47,795903
46,665829
45,669835
45,397621
47,149929
45,572406
45,611984
45,890331
46,306464
46,279659
46,482216
45,418917
45,669427
45,545372
45,54722
45,432831
45,51
45,586351
45,24969
45,7622
45,603011
45,742088
46,17853
45,509574
45,441669
45,503389
45,856871
45,776011
45,604801
45,266723
46,254007
45,7904
45,211434
45,847729
45,605412
45,518803
45,926915
45,547012
45,353646
44,690714
43,886213
44,844642
44,476662
44,686508
44,598723
44,189108
44,479579
44,418718
44,042103
44,396156
44,167515
44,316471
44,163335
44,315584
44,148743
44,372689
44,200067
44,159647
44,485796
46,136312
46,181078
45,792724
45,503578
45,446207
46,087016
45,674431
46,929479
46,028734
45,391188
46,02169
45,841697
45,362441
45,687898
45,683885
46,048569
45,405799
45,815868
45,562176
45,85709
46,243266
45,857446
45,550608
45,450747
45,532089
46,117892
45,585562
45,164422
45,457754
47,132891
45,617441
45,654167
45,354541
45,563459
45,511207
45,678101
46,04712
45,591863
45,38578
45,67039
45,397224
45,639928
45,372664
45,962962
45,211703
45,768999
45,550852
45,673193
45,952557
45,762553
45,681494
46,610421
45,630335
45,40483
45,590547
45,51928
45,275656
45,696477
45,471681
44,490965
44,525723
44,553919
44,108286
43,882999
43,936528
44,558248
44,715545
44,198628
44,558174
44,800281
44,617567
45,396109
45,152782
44,605267
45,088149
45,709004
44,221768
44,757586
44,237128
45,068687
44,929228
43,616955
44,923632
43,950119
45,130241
44,54246
44,626259
44,848949
45,307244
44,452311
44,044454
43,855107
44,399182
44,846007
44,32229
45,000165
44,198611
43,988386
44,438985
43,984375
44,16571
44,320336
43,935224
44,156742
44,793035
45,70568
45,994886
45,477282
45,647611
45,565283
46,996587
46,734347
46,981652
47,098613
46,9541
47,002768
47,122624
48,590237
46,871994
47,353379
46,978378
47,446965
46,955842
46,874023
46,593053
46,90073
46,277536
45,383119
44,825945
45,310356
44,736316
44,332549
45,291382
43,761589
44,139807
43,944349
44,916919
44,464463
44,437048
44,287602
44,623558
44,064123
43,938074
44,516326
44,388986
44,512453
44,549371
44,614392
44,13044
45,403475
45,794767
45,632404
45,640173
45,891811
45,894515
45,331919
45,426988
45,603479
45,952545
45,502653
45,703285
46,319177
45,458398
45,71104
45,540677
45,24966
45,977005
45,639046
45,698822
45,640854
45,753213
45,569424
46,083568
45,824922
45,180804
45,611838
45,27297
46,460096
45,089699
45,513167
48,417669
46,590247
46,405768
47,168766
46,75328
47,092248
45,973841
45,926421
47,546584
45,334849
45,901008
46,01042
45,563647
45,737661
45,261828
45,661597
45,612858
45,751299
45,663938
45,818382
46,608605
45,270798
45,820011
45,393212
47,972168
48,601748
45,818074
45,617279
46,527481
45,568295
45,76893
46,028085
45,759018
45,75643
45,863079
45,80658
46,358145
45,579145
45,377826
45,80667
45,502995
45,915224
45,138531
46,065784
45,559332
45,666811
45,479749
45,670824
45,623104
46,269302
45,597705
45,307668
45,339297
45,469474
45,852112
45,514966
45,726091
45,438596
46,167123
45,34181
45,64309
45,774107
46,106536
45,726776
45,888807
44,889947
45,88869
45,486243
46,347028
45,826884
46,53719
45,452559
45,352818
45,585343
45,839648
45,428742
45,421759
45,689644
45,577291
45,77408
45,743407
45,430062
45,604683
45,519646
45,977913
45,512334
45,433534
45,364865
45,729422
45,339704
46,431278
46,372924
46,117996
45,586673
45,258047
45,821321
45,486675
45,594136
45,649893
45,637444
45,464704
45,561862
45,385099
45,474652
45,77416
45,799081
45,85444
45,453157
45,672832
45,853334
45,69103
45,776539
46,942063
45,449568
45,278026
45,348447
45,724277
45,646912
45,767045
45,550082
45,769557
45,337083
46,21602
45,73972
46,14262
46,130788
46,085662
45,440616
46,704006
46,098828
45,965582
46,613231
47,259922
45,738324
45,862686
46,319478
45,672819
45,362809
45,676955
45,610251
45,230796
45,430186
45,916694
45,49191
45,683935
45,246444
45,531478
45,953114
45,772316
45,885832
46,140715
45,627382
45,653385
46,442057
45,589539
45,982216
46,206986
45,519761
45,994335
45,312877
45,946664
45,733556
45,400079
45,572991
45,628846
48,952425
54,080383
45,547506
45,617672
46,577667
45,390406
46,042993
45,35197
45,54635
45,586531
45,821303
46,71049
46,308051
46,107929
46,085767
45,228844
45,383393
45,652268
46,213534
45,875205
47,046022
45,148107
46,255317
44,372805
44,428538
44,712498
44,08529
45,019195
45,160134
44,292296
44,046195
44,218423
44,080401
44,029326
44,164723
45,01031
43,917853
44,478695
44,591783
44,122635
44,037713
44,178895
44,389934
44,39733
44,179926
44,088986
44,453379
44,014179
44,152138
45,708033
45,60789
45,311681
45,402066
46,375602
46,942772
47,125123
48,637103
48,186295
47,193793
47,113457
46,903827
46,907054
47,301748
46,703017
47,363161
47,397702
47,027887
46,631465
47,212506
46,852529
46,991232
47,307607
46,833204
45,485859
46,089491
45,844284
45,644018
45,385352
46,499201
45,996793
45,713056
44,724537
44,192664
44,144775
44,458783
43,965023
44,101599
44,964663
44,119016
44,205702
44,292377
44,347966
44,395253
44,258977
44,02459
44,157965
43,991981
44,396951
44,313914
44,252269
44,428457
46,341783
44,940068
44,009145
45,038794
44,220915
44,763185
44,253543
47,003951
45,892134
46,580045
46,435104
45,559775
45,288162
45,797174
45,64319
45,486268
45,297359
45,691995
45,759737
45,588784
45,464701
46,562858
45,854329
46,245483
45,507465
45,867964
45,279244
45,957757
45,69267
45,506948
45,951415
47,133611
46,061612
45,460829
45,91255
45,43392
47,480412
45,842408
45,713391
45,533324
45,673175
44,030837
44,41181
43,848954
45,269332
44,106078
44,243576
44,343914
44,958183
44,096658
44,265657
44,165713
44,064357
44,368896
44,23841
43,943061
44,041516
44,514767
44,893342
44,028696
43,985063
44,010421
43,8823
44,257869
44,312285
44,246391
44,667516
44,25657
44,358804
44,429028
44,478886
44,172913
44,836822
44,497822
44,623751
44,065313
44,510452
44,945098
44,562779
44,338973
45,438199
45,409157
45,714773
45,438466
47,327409
45,708833
46,289716
45,840497
46,270678
46,85845
46,078291
45,627408
45,388878
45,330147
45,496565
45,822563
45,309326
45,853394
45,968989
46,107704
45,520759
45,423643
45,897426
45,566312
45,22383
46,752484
45,48554
45,640913
45,81211
45,421329
45,784686
45,491071
45,606965
45,71294
45,466368
45,968321
45,544031
45,610552
46,115133
45,456884
45,591444
45,496154
45,498013
45,817259
45,870814
45,48222
45,944037
45,464742
45,237214
45,487185
46,121102
46,042149
46,825616
45,976332
45,660182
45,620138
45,500278
45,502015
45,358451
45,362188
46,097845
45,597903
45,453148
43,987803
44,167339
44,276076
44,2252
44,545159
44,070506
44,195047
44,411119
43,91565
44,758869
44,331167
44,572134
44,461429
43,884959
44,440651
44,228454
44,077951
44,268502
44,879929
44,468938
44,403167
44,34381
43,898264
44,089535
44,711714
45,06358
46,280317
47,295253
45,673941
46,110634
47,201738
45,855286
49,681606
45,538112
45,353655
45,60011
45,91212
45,502309
45,961219
44,831421
45,652264
45,761254
45,66773
46,121123
46,375356
47,472673
47,056247
47,545344
45,609831
45,810924
45,575562
45,779382
45,763905
45,274776
45,539866
47,081735
47,537971
45,50293
45,520374
46,081705
45,580381
45,375611
45,749973
45,550105
46,428715
45,266519
45,860359
45,986764
45,292907
45,529626
45,873745
45,65158
45,506264
45,871431
45,436014
45,645621
45,421832
47,917215
45,534992
45,46765
46,003624
45,983881
45,705657
45,698002
45,444573
45,608446
46,168544
45,239314
46,370386
46,08745
45,466953
46,389405
45,614996
45,557086
45,674197
45,32884
45,562006
45,743958
45,350101
46,862518
45,692436
45,241817
45,898224
45,817492
45,8871
45,499131
45,292417
45,559249
45,567982
45,547446
45,914677
46,013933
44,12322
44,171852
43,919925
44,308645
44,639009
43,981781
44,413087
44,134935
44,710874
45,422219
44,414081
43,836679
44,730348
43,986334
44,040476
45,765548
45,515561
45,473021
46,183854
45,447033
45,729421
45,340865
46,198532
45,731337
45,677603
45,46356
45,636053
45,865322
47,179718
47,087188
45,36186
46,540746
45,150378
45,640685
45,49919
45,30368
45,64638
46,533632
46,10967
45,744727
45,796568
45,403079
46,246916
45,852132
45,804122
46,084263
45,449167
45,244897
45,34667
45,455037
45,639939
45,404874
45,338973
46,711034
45,614735
45,512404
45,805716
45,289789
45,4851
45,722687
45,433095
45,602139
46,391083
45,740681
45,512051
45,22996
46,623329
46,113093
47,122019
45,241356
45,635835
46,445406
46,119608
45,840311
45,376166
46,093872
45,521653
44,814835
44,473297
44,360026
44,083809
44,339713
44,752502
44,809212
44,567886
43,677351
44,300401
44,009803
44,274142
44,263951
43,854791
45,420889
44,554426
44,116235
44,985386
44,146292
44,017395
45,493211
45,083068
43,952819
45,948608
45,736905
45,50952
46,078853
45,221291
45,922751
45,792926
45,394756
45,400588
45,383974
45,815853
46,526846
45,358379
45,63158
45,553532
45,38376
45,954776
45,42822
45,595056
46,269604
45,374513
46,315619
46,25928
46,466597
45,685129
45,246457
45,912633
46,072297
45,656093
45,741271
45,617355
45,341243
46,443755
45,405457
45,667304
45,72074
45,331703
45,694232
46,103135
45,51116
46,007719
45,970378
45,81617
45,511996
45,465432
45,453305
45,96215
45,662872
46,308718
45,623548
46,154942
45,533012
45,360594
45,701915
45,656719
45,852805
45,315144
45,299081
45,665601
45,325691
45,913432
45,95853
45,278005
48,594866
45,54953
45,936411
46,101451
45,808215
45,559816
45,927694
45,959473
45,427953
45,905828
45,172351
45,870643
45,39422
45,906179
45,699781
46,121836
45,455144
45,856789
45,73805
45,602057
46,143519
45,48788
45,984402
46,42881
45,670361
45,822061
45,97924
45,419987
45,590997
45,950688
45,362141
45,272019
45,783767
45,333996
45,662668
46,396745
45,614458
46,166804
46,462001
45,474642
45,540405
45,959273
45,331553
47,077397
46,722878
55,990152
64,194297
54,372871
53,869776
50,428984
45,795971
46,060532
45,435335
46,543795
45,72492
45,96641
46,010308
45,66151
45,765242
45,427858
45,392099
45,876655
46,183061
43,848143
44,96391
44,94398
44,14641
44,297763
44,060666
44,424934
43,932755
43,888066
44,390139
43,999241
44,436447
44,312548
44,59169
44,758361
44,91683
44,522147
43,377976
45,307696
44,86158
45,61706
44,154727
45,290635
46,005942
46,367544
45,475063
45,558653
45,564486
45,931103
45,905273
45,294075
46,599588
45,686966
45,305094
45,607154
45,545533
45,6127
46,161164
45,579576
45,695517
45,753303
45,760511
45,522132
46,223998
45,539452
45,725506
46,869853
45,519255
46,336954
45,446767
46,40827
45,357455
45,428564
46,00373
45,101817
45,547669
45,919632
45,488866
45,607735
45,598066
45,700331
45,558177
45,462081
45,627766
46,177876
45,334345
45,807292
45,310744
46,457621
46,07014
45,492292
46,328714
45,46839
51,834214
50,432309
46,057718
45,568566
45,517436
45,773788
45,546558
46,148956
45,843016
46,064679
45,87666
45,70168
45,235476
45,615675
45,511177
45,696064
47,489644
45,575104
45,652973
45,687108
45,413379
46,573612
45,690848
46,388517
45,7388
45,897231
46,631764
45,633732
45,339939
44,163462
44,254095
44,572889
44,760425
44,000991
44,27319
44,049458
44,203818
44,210946
45,44929
43,991455
44,701234
44,504941
44,475826
47,240664
44,533564
44,244733
45,571995
45,624305
45,322845
45,938301
45,555967
45,611308
46,469679
45,660325
45,256221
45,843104
45,242495
46,248388
45,685295
45,2048
46,262576
45,574579
45,786228
45,754994
45,287065
45,804702
45,638109
45,309271
45,605452
46,094895
45,462008
45,852903
45,589191
45,875418
45,661492
45,465376
45,748964
45,459226
45,714825
46,007873
45,502549
45,833473
45,929605
45,568003
45,579849
45,498736
45,644885
45,133528
46,326258
45,442522
45,902393
45,583772
45,6586
45,143562
46,135391
45,815465
45,703831
45,729399
45,692228
45,5493
45,582385
44,628558
44,265329
44,073707
44,559966
44,623043
44,218546
44,12488
44,734935
44,433246
44,461781
44,081785
44,1172
44,396177
46,209222
45,460415
45,473528
45,703089
45,899844
45,853519
45,59182
45,920104
45,620952
45,929233
46,348154
45,886954
46,112431
45,511617
45,693693
45,15251
45,500464
45,345776
45,417322
45,549265
45,44636
45,81363
45,35811
45,95849
46,375397
47,141199
45,650319
45,295225
47,029896
46,091063
45,526275
46,255866
46,160111
45,526024
46,909731
45,3239
45,811248
45,545331
45,05887
45,581957
45,765163
45,566213
45,467918
45,768703
45,632828
45,354888
45,858513
45,851393
45,290527
45,841523
45,221641
45,58852
45,492772
45,71075
46,15381
45,4471
45,865432
45,727196
45,322573
45,873676
46,339282
46,888566
45,733355
45,829158
45,387439
46,366081
45,411709
45,627558
44,388512
44,781537
44,733812
44,236083
44,015873
44,291028
44,251523
43,973282
45,418732
44,397652
47,298368
44,385884
44,375475
44,321177
44,387158
45,064778
44,435967
43,789673
44,455787
44,235354
44,132461
44,533691
46,632688
45,714749
45,740649
45,864219
45,695801
45,549019
45,787654
45,631215
45,875999
46,934584
48,393158
45,558984
46,134009
46,884644
46,83939
45,992094
46,072033
46,383497
45,821242
45,634373
45,041809
45,286625
45,757325
46,900551
46,489682
45,944325
46,077751
47,586906
45,323317
46,856115
45,58822
46,18822
46,838898
45,56815
45,583573
45,362849
45,706023
45,496321
45,848449
45,199979
45,563266
45,253081
45,864701
45,62568
45,357183
46,331285
45,608134
45,45489
45,771681
46,0605
45,425345
45,728776
46,046941
45,648325
48,241197
45,299319
45,890974
45,636772
45,278298
46,008576
45,840923
45,417271
45,87013
45,692602
45,682956
46,047821
46,055646
47,200713
46,228103
45,268617
45,52354
45,215504
46,80524
45,605
46,092929
45,286344
45,80835
46,717936
45,39663
46,60316
45,4617
45,791574
45,624378
45,894471
45,58493
45,899066
45,222373
46,02243
46,098861
45,504877
45,788975
45,535442
45,946417
45,539576
45,403698
45,550561
45,719691
45,815909
46,954995
45,741593
45,303345
45,682381
46,317676
45,626517
45,552833
46,048374
45,265508
45,974674
45,387212
45,456294
45,798938
46,10614
44,341252
44,157449
43,905115
44,309716
44,848635
44,247918
44,40249
44,068329
45,858912
44,722767
44,588156
44,06006
44,463546
44,016064
44,387475
43,917435
44,154303
43,786693
44,384253
44,220232
44,254608
44,412786
44,281392
43,872059
44,258676
44,240032
44,387897
45,831758
46,089422
45,411434
46,477578
45,462306
45,616861
45,790639
45,84302
45,987493
45,323345
45,758411
45,700646
45,404871
45,645592
45,558275
46,70806
46,083751
45,955621
45,954535
45,375023
46,151114
45,763742
45,723148
46,231437
45,583877
46,861218
45,256741
45,475624
45,554907
45,947511
46,389564
45,56548
45,990302
46,11312
45,93275
45,324
45,377027
46,461887
45,712005
45,249044
45,891795
45,523978
45,523129
45,576258
45,808755
45,414029
45,539705
46,949654
45,729825
45,595559
45,570628
45,716336
45,498524
45,60263
46,734203
45,863302
45,328501
45,817929
45,110837
46,081246
45,581392
45,569463
46,364936
44,362923
44,206238
44,730933
44,403293
44,340851
44,701418
45,152177
44,100785
44,377729
44,186268
44,133806
44,310559
44,036079
44,550175
44,190151
44,075309
44,227508
44,105546
44,397544
44,32261
43,660146
44,282748
44,086049
44,366158
44,131247
44,035513
44,230709
44,477261
45,115643
44,167434
44,185274
44,643777
44,714866
44,269551
44,399035
44,557931
44,026202
44,260818
45,767773
45,395288
44,078258
45,326363
44,276987
44,294849
44,163723
45,536254
47,686994
46,792723
47,492255
46,985205
48,672947
47,351806
47,131651
47,543824
46,877797
48,505596
48,288941
48,423789
46,822087
46,749785
47,036026
47,844211
47,40691
47,471477
48,364266
46,839557
47,305385
46,252609
44,263585
44,168943
44,093181
44,149291
44,804744
44,422465
44,151196
43,891727
44,480753
44,596088
44,488844
44,185143
44,488538
43,843205
44,479842
43,944205
44,38462
44,465417
44,254358
44,498373
44,280263
45,457675
45,299831
43,985517
44,787038
44,15669
44,835138
44,714643
44,465151
45,440567
45,416714
46,008279
45,660584
46,293814
45,84397
45,671242
45,755919
45,266935
45,75422
45,800771
45,457506
45,806826
45,593237
45,494127
45,30595
45,660599
45,878856
45,554805
47,399376
45,562722
45,348053
45,58569
45,988624
45,578964
46,21822
45,54677
45,261189
45,881872
45,961844
45,48273
45,908448
46,070768
45,547892
45,522417
45,145777
45,800951
45,794112
45,133955
45,43627
45,503223
46,097791
46,166941
45,590545
45,586002
45,215288
45,849587
45,490897
45,320992
45,451584
45,011914
45,847553
45,772204
45,575816
45,92482
45,647961
45,527066
46,481361
45,738106
45,415774
45,748451
45,488881
46,10905
45,98568
45,347168
45,43784
45,438083
45,549502
45,533879
45,397284
45,639906
45,502049
45,274211
45,893756
45,109715
45,774049
45,295221
45,661813
45,727769
45,327517
45,998546
46,177527
45,577718
45,502701
45,123489
44,611991
44,369744
44,054549
44,360134
44,360966
44,303055
44,091093
44,786466
44,068638
44,448104
44,331412
44,775643
44,447035
44,513272
44,482134
44,097496
44,261501
44,710624
44,966798
44,897101
44,265379
45,811251
45,745621
45,443264
45,865392
45,775722
45,54035
45,809163
45,617807
45,401877
45,50641
45,162958
45,476035
45,724673
45,799289
45,737886
45,507556
45,532335
45,418579
45,455343
45,956725
45,351625
45,733967
45,682297
46,808502
46,153148
46,067543
45,239219
45,409695
46,034655
45,606527
45,637796
45,404319
45,635631
45,397908
45,466471
45,891907
46,186327
45,296575
45,574954
45,716818
45,374899
45,401513
45,966717
47,612151
45,900524
46,241519
45,701619
45,222918
45,600444
45,475291
46,090666
58,721144
45,961368
45,634389
45,375933
49,828571
45,385405
46,244865
45,733776
46,18833
45,334969
45,631658
45,813862
45,46731
46,120401
45,375144
46,411841
45,80856
45,239154
44,949276
43,642656
44,259898
44,925543
44,218822
45,269164
44,023135
44,702125
44,24401
44,219775
44,601357
44,209248
44,109385
44,272514
44,390792
44,586673
44,342107
44,091379
43,962498
44,327158
45,068396
45,063226
44,23875
44,12721
44,956244
44,231666
43,949203
44,777221
44,067651
43,919246
44,395162
44,367528
44,790321
44,017685
43,9705
44,191461
44,19974
44,547383
44,539393
44,033213
44,504457
44,087596
44,380288
45,367619
45,660269
46,011931
45,620798
45,266932
45,825377
45,530774
45,475047
45,961889
45,561512
45,533903
46,255471
47,416209
45,660698
45,310099
45,860082
45,198623
45,801442
45,565793
45,969344
45,641489
45,103333
48,110742
45,488654
45,595999
45,446537
45,817279
45,601803
45,448192
45,747204
45,407087
45,361511
45,368452
46,028712
45,929611
45,673356
45,443903
45,300823
45,438204
45,372825
45,466455
45,485933
45,363428
46,776078
45,226517
45,983917
46,07092
45,086584
45,328805
45,205092
45,43396
45,108395
45,320633
45,933067
45,535928
45,980251
46,375352
45,605501
46,463602
45,6511
45,479302
45,784144
45,913091
45,590747
46,038192
48,999972
45,946277
44,892137
44,910526
46,427337
46,112562
46,147796
45,43335
45,855604
45,879884
46,177328
45,539956
46,05221
45,62322
44,420917
44,126003
44,123997
44,267579
43,960479
44,582622
44,451832
43,932812
46,01751
44,2532
43,940573
44,751707
44,093819
44,419258
44,513773
44,325796
44,227681
44,609626
44,914937
43,87119
44,519111
45,34889
45,494837
45,926908
45,754284
46,123584
45,763888
45,150579
46,039293
45,689422
45,427885
47,175209
45,411608
45,776649
45,784064
45,349142
45,563052
45,878012
46,040547
45,89067
45,82937
45,643939
46,330983
45,780478
45,537683
45,499756
45,264849
47,402046
47,353411
46,241618
46,14599
45,323815
48,121832
47,680573
46,17937
45,762773
45,275492
45,722191
46,27936
45,814898
45,476988
45,788808
45,38461
45,638946
46,050076
46,131805
46,207641
44,068018
43,895501
44,362788
44,252964
44,084929
44,357851
44,238875
46,282489
44,182106
44,036252
43,979284
44,222832
44,427196
44,306588
44,743913
44,369155
43,964716
44,385048
44,298457
44,440292
45,08528
44,353267
44,193703
44,504059
44,680257
44,046761
46,047708
45,37001
46,372903
45,425736
46,031972
45,717934
45,527298
45,8751
45,533115
45,638205
45,964934
45,841008
45,558596
45,622268
45,323843
45,356795
46,779369
45,489381
45,642017
45,653494
46,100401
45,762128
45,880679
45,566081
46,15704
46,593409
46,808853
45,978293
46,072853
46,210874
45,84377
44,363163
45,153892
45,718383
45,346146
45,502215
46,205842
45,740749
45,700035
45,940144
45,973231
45,776938
46,934677
45,97564
45,812793
46,349634
45,580291
45,938811
45,877576
46,119329
46,268413
45,409073
45,684033
46,330228
46,335601
45,869857
45,973223
45,419202
45,841567
46,074813
45,739427
45,707377
45,448028
45,733662
45,371989
45,471429
45,755991
45,338922
45,933666
50,670607
44,848252
45,537917
43,778237
43,244334
44,872042
45,686547
44,003634
44,903058
44,140486
44,796893
44,522645
44,445635
43,970779
44,873115
44,06379
44,440887
44,064106
44,205271
44,081459
44,087139
43,812211
44,477477
45,017812
44,41253
45,534742
45,424238
45,702758
45,737288
45,251308
45,72877
46,415813
46,025444
45,572688
45,41062
45,879769
45,315493
45,395543
45,633902
45,978012
45,327955
45,471701
45,624429
46,263283
46,748599
47,629584
45,872647
45,582047
45,555779
46,776616
46,22296
46,229893
47,110696
48,066027
46,684451
47,139101
48,009568
47,348331
46,970657
46,832943
47,142513
47,692778
47,261835
46,915108
46,718754
47,133203
48,198546
46,66222
46,945124
47,31169
46,779538
47,232885
46,942409
46,647565
46,485532
45,690121
45,609603
45,926372
45,667544
45,67195
45,381463
45,981486
45,103721
45,819492
46,316943
46,104846
45,795472
48,494768
46,211851
44,02214
44,309472
44,108751
44,207043
44,354508
44,235299
44,67595
44,328611
44,443147
44,158756
44,686594
43,932427
44,200189
44,237216
44,279218
44,296848
43,894719
44,775709
44,521878
44,107272
44,314553
45,60372
44,247276
44,11363
44,805506
44,155388
44,189814
44,048836
44,157298
44,162389
46,951522
47,179725
46,672751
47,104521
47,036044
48,158238
47,011665
47,100178
46,885915
46,792123
46,71583
46,959174
47,142671
49,153181
47,024494
47,103243
47,167727
47,137696
46,951019
47,109187
47,179948
46,693948
45,628258
44,430925
44,225323
44,569305
45,115502
44,288723
44,59501
44,154656
44,157058
45,353831
44,39946
44,027756
44,632315
44,265753
44,280052
44,371836
44,285134
44,11214
43,973965
44,581717
44,570478
44,070744
44,067755
44,056377
44,497756
44,266714
45,183466
45,776386
45,344233
45,654541
45,816292
45,586995
46,581909
45,727059
45,57581
47,697534
45,639704
45,322156
46,422385
45,59999
45,470937
45,880219
46,178539
45,541102
45,886461
45,191952
45,702789
45,639944
45,384059
46,083441
45,260822
45,875073
45,57226
45,657915
46,042302
45,349064
45,489997
46,256321
45,473839
45,375738
45,456513
45,358791
45,580376
46,063524
45,430192
45,869733
45,802291
45,615468
46,51072
45,447279
45,369117
45,74458
45,4933
45,997242
46,272614
46,465685
45,33945
45,823568
47,162238
48,695558
45,775538
47,442485
45,402091
47,320548
46,441835
45,330152
45,207308
45,739068
45,746894
45,346587
46,147435
45,733797
45,403314
45,75134
45,292339
45,890325
45,789283
45,585543
45,592868
45,674074
46,610265
45,412777
45,705341
45,268683
45,759776
45,40111
45,605574
45,556441
45,148301
45,57394
45,373077
45,53715
45,258803
45,690642
45,726775
45,223098
45,85033
45,606218
45,417655
45,684634
47,353336
45,752012
48,14037
45,850831
46,851794
46,554721
45,086156
46,480039
46,946261
45,509262
45,483307
45,411917
46,509497
45,354885
45,626807
45,913838
45,392371
45,266477
45,791725
46,291024
45,291173
45,715847
45,698522
45,763975
46,16672
45,546469
46,09215
45,627077
45,518652
45,770803
45,644778
45,454113
45,792605
45,383986
45,666442
45,94079
45,520087
45,550872
45,423881
45,808869
45,592288
45,52739
45,513093
45,249192
45,630649
45,459023
45,959122
45,679509
45,079258
45,806781
45,442314
45,437229
46,964647
45,849881
45,666331
45,549828
45,127011
46,163737
45,679201
45,997461
45,661609
45,659897
45,508126
45,637629
45,858693
45,137532
45,504278
45,549486
46,591582
45,293719
46,718278
45,919973
45,389627
45,717628
45,775334
45,295237
45,691775
45,563475
45,900056
45,895525
45,366594
45,901021
45,597638
45,256719
45,384652
45,513498
45,548188
45,390435
45,54561
45,632409
46,493205
45,954968
45,642571
45,226315
45,595782
45,189055
48,147927
54,730176
46,015972
45,837832
45,324707
45,52971
45,517543
46,627759
45,677626
45,6375
45,75647
45,462755
45,391435
47,091055
45,682375
46,202504
45,764557
45,936368
46,617508
45,730359
45,341737
44,575044
46,673712
45,573621
46,238639
46,13896
45,950297
46,050078
46,165261
45,905308
45,841893
45,541301
47,870657
45,893079
45,727958
45,41575
46,545109
46,466818
45,766724
45,554988
46,30246
45,512253
45,425966
45,981698
46,059289
45,603024
45,778079
45,380378
46,054578
45,781821
45,357224
46,434719
45,971446
45,244553
46,722341
45,471667
45,56426
45,875496
45,338017
46,584091
45,79694
45,816219
45,726471
45,522088
45,868729
45,734406
45,231655
45,757809
45,456301
45,298146
45,604003
45,605943
45,516788
45,733264
45,486253
46,036596
45,33088
45,434909
45,595969
45,42858
45,603001
47,683615
45,767265
45,690558
45,644924
45,445237
45,584618
45,803245
45,544609
45,42258
45,178551
45,951402
45,777428
45,521791
46,607355
45,404064
45,37571
45,619311
45,448706
45,432304
45,632163
45,308982
46,228537
45,607949
45,647142
45,680203
45,639587
45,860111
45,808529
45,364443
45,525885
45,569487
45,385734
46,343522
45,620541
46,204435
45,672399
45,186455
45,486489
45,634871
45,438036
45,477558
45,232485
45,776108
45,336496
45,732722
45,7788
45,67913
45,83619
45,544364
45,596565
45,581054
45,311317
45,921408
45,804534
46,213243
47,463869
46,450476
45,665944
45,486556
44,915202
44,642987
45,371698
46,37657
46,278806
46,850272
46,420239
46,190298
46,548681
45,3078
46,012132
45,626039
45,189017
45,631239
45,401754
45,697547
46,852321
45,577755
45,740547
45,94564
46,07175
46,369615
45,324721
45,340161
45,710269
47,414742
45,812567
48,412179
49,268696
46,039555
46,003586
47,633971
45,911994
46,279374
45,766549
45,342246
46,018598
46,837785
45,893592
46,934163
46,288386
46,04611
45,470901
45,764678
45,217675
45,995417
45,694323
45,34889
45,719199
46,938369
46,183776
45,609983
45,887533
46,459666
45,643373
45,447072
45,447465
45,710515
45,558844
45,471813
46,028124
45,599237
45,335872
45,620251
45,84995
45,625675
46,124582
45,390316
45,983162
45,695692
43,896262
44,857795
44,670791
44,597584
44,796104
44,027263
44,386051
44,260279
44,00411
44,206248
45,107661
44,230107
44,098573
44,587654
44,453092
44,513054
44,798268
46,18619
43,967593
44,481499
44,699509
44,452596
45,32543
44,377466
44,929162
44,001358
44,418863
44,480302
44,382264
43,899321
43,798101
44,10732
44,310378
44,330236
45,290539
44,042584
44,264637
44,222955
44,256933
44,862889
44,246039
44,565878
44,183948
44,371162
44,158308
45,973872
47,996993
46,750305
45,786921
45,703428
45,657257
46,411475
49,891893
45,680885
45,795922
45,656833
45,659801
47,948242
47,914702
47,199346
47,592881
46,839188
47,083367
46,570269
47,373674
46,78215
46,761253
46,965065
48,368278
46,639373
46,089993
46,30898
46,307838
45,3488
44,92764
46,928181
45,495309
45,462897
46,961072
46,45074
46,077449
44,974091
45,65927
46,596106
46,148134
46,881989
46,225296
45,993631
45,742501
46,81046
46,469012
45,935943
46,673705
47,099743
45,637809
46,326084
44,13224
44,88731
44,556906
44,382747
44,56049
44,502447
44,520743
44,111799
43,8461
44,590948
44,228079
44,489736
44,022663
44,506219
44,267385
45,043668
47,21673
47,471107
45,666362
45,384278
46,595876
45,520561
45,362609
45,571927
45,930214
48,317513
49,12177
46,137782
47,229043
45,159025
44,64969
45,153737
48,537185
46,62192
45,956812
48,179213
46,159123
49,430585
45,879739
45,379059
45,576886
46,182371
45,852138
45,237263
45,458931
45,52471
45,147526
45,460742
45,89961
45,282419
45,734209
45,967602
45,546435
45,59978
45,309859
45,382986
45,720231
45,413656
45,60306
46,133078
45,512197
45,317651
45,545438
45,69436
45,304395
45,813665
45,950193
46,238643
45,320578
45,8645
45,618246
45,776711
46,261331
46,273213
46,021324
45,457703
45,988908
46,041052
45,796801
45,377561
46,95684
48,29725
45,268457
45,692016
45,430088
45,906104
45,435466
45,577129
45,711612
45,913717
45,72468
45,396139
46,270419
45,938711
45,748022
45,409159
46,274582
45,877176
45,50829
46,045853
45,31902
45,450066
45,59514
45,999249
45,604691
45,748742
45,518612
45,744138
45,85351
45,699037
46,712102
46,206611
45,63247
45,815189
45,784506
45,885723
45,879746
45,440573
45,621544
45,835766
45,633177
45,814123
45,535144
45,479355
45,867499
45,820085
45,925925
45,566236
44,031088
44,404192
44,137972
44,228409
44,986299
44,340629
44,181439
44,275007
44,394011
44,556771
44,588964
44,162728
44,189396
44,316681
44,162974
44,469596
44,494642
44,548936
44,041588
44,568385
44,343409
44,448903
45,749436
46,159954
47,929025
45,430706
45,752955
48,012072
45,745069
47,10367
47,260061
45,469577
46,189061
45,538406
45,748144
45,946972
45,629254
45,608026
45,446056
45,87029
45,4458
48,196867
45,456415
45,599972
45,66448
45,281709
45,63802
45,758553
45,314092
45,777564
46,220544
45,632301
45,862803
45,757001
45,697651
45,795023
46,696054
46,693304
45,566783
45,580497
45,698765
45,513614
46,031522
46,047893
45,246632
45,667543
45,539107
46,291295
45,750184
46,23432
45,762255
45,229897
45,458817
45,194285
45,818399
46,628233
46,074835
46,323607
46,050763
45,828051
45,545889
45,796643
45,675321
45,884308
48,66667
46,09082
44,597985
44,481469
44,154143
44,406934
44,571906
43,941849
44,561256
44,006946
44,770668
44,417687
44,380399
44,243547
44,286753
44,616348
44,39545
44,331996
44,019924
44,426973
44,267882
44,241977
44,294781
45,352632
43,825998
44,624331
44,398834
44,145218
46,189427
45,252877
45,651797
45,778188
45,195473
47,35992
46,339345
45,745855
45,725901
45,395296
45,758103
45,518365
47,570703
47,355029
47,2647
46,842227
47,148968
48,931736
47,083837
46,843422
47,020344
47,923143
46,890471
46,4708
45,847454
45,896166
45,92877
46,935737
45,948156
46,97915
45,358554
45,974292
45,061488
44,482415
45,234595
45,441793
44,418004
44,897079
44,076386
44,172218
43,988412
43,920262
44,450658
45,651333
44,473672
44,485544
45,276926
44,413167
44,286595
45,869816
44,118139
45,248617
44,02708
43,892166
44,356731
44,626633
44,282497
44,196068
44,67201
45,617826
45,590231
48,791928
46,461845
45,427723
45,28306
45,572274
45,584528
45,575336
45,385174
45,464405
45,423157
45,682955
45,767778
45,648194
45,238743
46,581686
45,596829
45,53315
45,957513
45,685764
45,125972
45,822168
45,791434
46,234715
45,310238
46,092708
45,433374
45,139955
45,334213
45,86436
45,359983
45,875945
45,300425
45,882604
45,686613
45,65545
45,427518
46,046478
45,22441
46,107453
45,493477
45,434789
45,599973
45,856614
46,801655
45,474073
46,005459
45,255976
46,220187
54,659316
45,688536
46,340082
44,291425
44,097121
44,676642
44,319347
44,278201
44,394854
44,689293
44,259613
44,091178
44,590015
45,117969
44,128812
44,274362
44,67902
45,173842
44,627943
44,57193
44,297373
44,506189
44,309241
44,307134
43,928624
44,248518
44,187546
44,791459
45,753963
45,415883
45,723017
45,666372
45,84541
45,332852
45,825319
45,466293
45,98256
45,943569
45,385903
45,72991
47,819664
45,494189
46,516303
45,47951
45,694487
45,642399
46,475116
45,840947
45,647174
45,266304
46,924056
46,611441
45,666729
45,815825
45,592236
45,083807
45,775651
45,638006
45,394673
45,46841
45,832817
46,588181
45,783282
46,110872
45,837111
45,238772
45,69494
45,552974
46,074985
46,04079
45,871823
45,65237
46,476475
45,954148
45,306969
46,445277
46,306179
45,517692
45,501388
45,503567
45,433841
45,427937
45,577861
47,900278
46,008193
45,483395
45,889248
46,19061
45,521553
45,585485
45,400824
46,137746
45,667092
45,747668
45,561904
45,524688
45,999475
45,731356
45,911585
45,469325
45,715449
45,436556
45,513137
45,382231
45,68649
46,112961
45,385377
46,411506
45,514854
45,638029
49,850429
46,152442
46,024943
45,640848
45,495787
45,051269
45,145318
44,467052
44,788668
44,953856
44,083356
44,253748
44,657762
44,446183
44,340342
45,408611
44,002316
44,718922
45,053784
44,38036
44,934427
44,214038
44,585133
44,131075
44,028006
44,128563
44,528548
46,48411
46,23024
45,137416
45,470295
45,710431
45,495049
45,873969
45,492883
45,486222
47,157493
46,257373
45,692562
49,023881
47,448663
45,305251
46,749346
45,944785
45,83668
45,991757
46,668801
46,068025
45,687122
45,630103
46,899299
46,111663
46,334768
46,85229
45,756034
45,452806
45,879478
45,535049
45,431065
45,494221
46,17929
46,348975
45,764002
45,460229
45,56091
45,837486
45,934066
45,331407
45,587311
45,590953
45,723181
45,492187
45,280634
45,384275
45,601261
45,750013
45,227103
45,723538
45,45576
45,633501
45,702161
45,260499
45,555363
45,517686
45,99096
45,590252
46,024427
44,563363
44,302159
44,109865
44,356901
44,576694
44,014278
44,619441
44,215717
44,359034
44,438306
43,987406
44,730583
44,463549
44,39607
44,163997
44,26297
45,08835
45,586722
45,830627
45,869097
46,517105
45,373236
46,139138
46,008651
45,577027
45,493414
45,357964
45,571569
46,143983
45,309156
45,505943
45,339756
45,566942
45,784762
45,373114
45,603544
45,563425
45,433639
46,283243
45,579642
45,877781
45,516157
45,988462
45,680534
45,471921
45,36885
45,335524
45,316787
45,841016
45,524358
46,090945
45,772027
45,16367
45,558484
45,385523
46,233406
45,737411
45,705416
45,515146
45,334592
45,775276
45,400197
46,452966
45,142075
45,609083
45,308226
45,650791
45,698332
46,011943
45,760868
45,645794
46,002803
46,438131
45,332858
45,385879
45,751828
45,209598
48,18501
45,59746
45,379969
46,071255
45,542116
45,252128
45,771952
46,250911
46,123696
45,487365
45,430014
45,628042
45,337565
45,533514
45,42437
45,413329
45,801956
45,883605
45,4833
45,586983
45,836776
45,143439
44,466538
44,714266
44,219658
43,745752
44,091824
44,279998
44,192878
45,590087
44,23759
44,637437
44,294515
43,972967
43,948101
44,495631
44,298585
44,175335
44,634029
44,080593
44,45901
44,391999
43,888625
44,123314
44,315259
44,282605
44,34598
44,060654
46,544909
45,441528
46,31982
46,379599
45,522867
45,390541
45,559817
45,517125
45,589324
45,747226
45,591435
45,720879
45,481509
45,83109
46,042862
45,468617
45,674736
45,781676
45,284804
45,736497
45,200394
46,857486
45,918523
45,99847
45,304321
46,392275
46,056161
45,206034
45,714292
45,446265
45,794856
45,561099
45,36309
45,57656
45,181483
45,760049
45,743066
45,290271
45,702815
45,84726
45,516364
45,644836
45,239544
44,353402
44,352149
43,918442
44,31357
45,110272
44,280991
44,319721
44,354242
44,641153
44,505951
44,557672
43,999599
44,396104
45,185798
44,636456
44,509057
45,301351
44,073924
44,19802
44,793463
43,944691
44,818766
44,4821
46,139968
45,36711
46,444466
45,764312
46,403936
45,686876
45,66453
46,031059
45,164836
46,103222
45,323593
45,29193
45,600467
45,464949
46,025336
45,290895
45,727296
45,619235
45,502116
45,384728
45,775927
45,285895
45,718037
46,271606
45,198526
45,728561
47,224802
45,89633
45,380296
45,22653
46,063149
45,618037
46,420663
46,237611
45,992069
45,823369
45,868208
46,487223
45,902976
45,991911
45,547054
45,735107
45,215598
45,840218
45,645344
45,270815
45,647073
45,80184
45,54966
45,666787
45,572246
45,477198
45,359855
45,511696
45,900064
45,840196
45,713023
46,045382
45,341464
45,752858
46,236226
45,662508
45,753208
45,346494
48,060325
45,71487
45,287446
45,184219
44,605071
44,424749
44,350045
44,906121
45,001324
44,342989
44,251725
43,876249
46,865795
44,83455
44,139901
44,624551
44,978625
44,258453
44,223679
44,352856
44,322941
44,284477
44,119544
44,606429
45,597937
45,545747
45,600133
45,383409
45,870107
45,999101
45,87831
46,777456
46,460894
46,430829
46,717324
45,001511
45,193407
47,003192
46,785707
45,668548
46,065033
46,859685
45,857575
45,509117
46,042511
45,530317
45,537285
45,381437
45,691365
46,611449
46,628044
45,924439
45,702526
45,760135
45,804353
45,935209
45,581023
45,512276
45,600198
45,959359
45,47802
45,917084
45,868314
45,762481
45,728916
45,785582
45,920984
45,742133
45,674173
45,190799
46,591638
45,576477
45,801744
46,139291
45,790995
45,785378
45,651973
45,828829
45,631291
44,930233
44,07866
45,049368
44,173448
44,178331
44,592942
44,221675
44,114486
44,609537
44,070721
44,966767
44,507914
43,812961
44,40074
45,164873
45,771113
45,682012
46,037528
45,723122
45,642579
45,46965
45,456098
46,019848
46,857797
45,86606
45,586559
45,462818
46,024454
45,911436
45,336366
45,86419
46,092769
46,206707
47,314557
45,585782
45,626945
45,560012
45,866535
45,644471
45,881944
46,079545
45,821928
45,683267
45,70941
45,90696
45,786155
45,8507
45,586945
45,637558
45,605316
45,893749
45,439959
45,759737
46,004794
45,561859
45,685078
45,731385
45,512954
46,895981
45,713439
45,603627
45,481397
45,597132
45,842442
45,536139
45,905422
45,578719
45,481255
46,559342
45,511737
45,841811
45,632023
45,619301
45,480789
45,224892
45,947377
45,757457
45,827531
45,837718
45,479108
46,307134
45,829263
46,208251
45,594166
45,784864
45,748567
45,882607
45,788801
45,479656
45,678893
45,685247
45,816102
45,607869
45,168368
45,857035
45,471235
45,566078
45,779998
45,608976
45,719861
46,710559
45,367597
45,864078
47,353439
45,693253
45,696134
45,338067
45,405727
45,598849
45,467194
45,356804
45,811199
45,474853
45,857872
45,338636
45,632345
45,637911
45,759633
45,693618
45,929282
45,510554
45,520975
45,808508
46,182643
45,486583
51,956782
48,170876
44,275462
44,359404
44,044261
43,864722
44,374604
43,83942
44,560403
44,321582
44,301837
44,933243
44,157672
44,112662
44,18181
44,261321
44,761681
44,12336
44,355119
44,700906
44,47786
44,515822
44,651025
44,598291
44,80413
44,262064
45,114724
44,118434
44,714274
45,097217
45,912584
46,480156
45,384848
45,880909
46,050848
45,621359
45,530493
45,548942
45,61378
45,430517
46,635126
45,318604
45,433638
46,371467
45,975651
45,532891
45,260091
45,466996
45,324388
45,679008
45,502398
45,977435
45,40151
45,707953
45,536662
45,390715
46,284938
45,538601
46,156161
45,72644
45,94427
45,215271
45,997415
45,566416
45,216512
46,49588
46,026135
45,442284
46,040618
45,44413
46,460399
45,813015
45,616606
46,181365
45,270251
44,115047
44,581344
44,587564
44,053512
44,177597
44,203617
44,077687
44,675659
44,202695
44,349539
45,232202
44,415421
46,893432
44,619161
44,446375
43,929056
44,382874
44,137904
44,250053
44,487115
44,066575
44,291901
44,404149
43,999816
44,477407
44,216872
44,102335
44,24118
44,111159
46,403185
45,28263
45,754509
45,434106
46,219475
46,054566
45,803647
45,842816
45,713733
45,400948
45,772303
45,71466
45,313391
45,594581
45,726558
46,538307
45,718985
46,21132
45,423039
45,347157
45,578474
45,806053
46,163046
45,532107
46,44923
46,056727
45,434753
46,146932
45,810919
45,840967
45,605002
44,062433
43,888344
44,260073
44,094111
44,214221
44,295898
44,771453
44,241946
44,034609
43,878214
44,364281
44,027196
44,329179
44,66996
44,151463
44,112805
44,119352
44,644738
44,197235
45,419682
44,42272
43,99329
44,257699
44,397656
44,160077
44,475388
44,230467
44,768192
44,326702
44,515747
45,398915
44,533081
44,483105
43,900463
44,480268
44,498147
44,798584
44,305353
44,705983
44,603541
44,381969
44,130786
45,698095
46,742864
46,843436
46,487045
46,47404
46,196894
45,939954
46,154803
45,656754
47,251584
45,818599
46,640776
45,470974
45,376872
45,544409
45,629044
46,037517
46,09572
46,452407
45,570846
46,764065
47,158597
47,567244
45,576852
45,705191
46,410346
45,577172
45,497269
45,962558
45,858417
46,012062
45,569037
46,009102
45,991642
45,626624
45,660056
45,336107
45,612064
45,412289
45,656376
45,707154
45,780988
45,636726
45,803058
46,017186
45,578303
44,063888
44,148951
44,073742
44,29706
44,946311
45,066709
44,316091
44,980711
44,37767
45,588755
44,868587
44,275843
44,299405
44,267504
44,924303
44,16442
44,123697
44,202186
44,545598
45,181111
44,257098
44,540974
44,084803
44,522353
44,811779
44,694336
44,314814
44,754236
44,030442
44,573206
43,983293
44,092337
44,528952
44,755448
44,578571
45,484694
45,749821
45,496797
46,143034
45,410468
45,357152
46,821596
45,618826
45,667466
46,949868
45,614549
45,828463
45,385638
46,153028
45,63721
45,696118
45,701658
46,006781
45,46154
45,373421
45,843374
45,907759
46,012242
46,061676
46,389083
45,41434
45,768299
45,341382
46,211866
45,761204
45,443349
45,834646
45,444357
45,596936
45,565676
45,426622
43,892365
44,911064
44,363457
44,35775
44,144335
44,136792
44,28641
43,791976
44,423448
44,263115
44,317658
44,541758
44,281408
44,288351
44,200388
46,929417
43,972564
44,751896
44,415249
43,993751
44,176736
44,326462
44,291893
44,436265
45,741558
43,815282
44,312158
43,895196
44,35782
44,672301
44,056784
44,325543
44,187327
43,858852
44,301837
44,178834
44,617911
45,034932
44,216256
44,123246
44,280182
43,90402
44,168351
43,97498
44,142998
46,387216
45,444259
45,949008
45,508796
45,746233
45,573428
45,552393
45,805693
46,131991
46,658322
45,866634
45,439225
45,784015
45,592699
46,330358
45,728485
45,470087
45,979133
45,789303
45,30152
45,698654
45,586001
45,548367
45,674928
45,919861
45,364133
45,408827
45,542244
44,821134
44,461223
44,362043
44,24203
44,092254
44,275476
44,33677
43,963209
44,424188
44,511067
43,778887
44,243269
44,227449
44,518177
44,126853
44,085798
44,082678
44,920219
44,276195
44,071068
44,825152
45,25672
44,650673
45,018195
44,059189
44,964609
44,708896
45,453907
44,579807
44,886701
43,859691
45,261827
43,741814
44,429237
44,590265
44,603555
45,050643
45,686202
45,278233
45,59564
45,80408
45,812681
45,572864
45,545029
45,730048
45,492819
45,614278
45,640854
45,948015
45,647103
45,836683
45,673123
45,43141
48,258901
46,51177
45,848509
45,699532
46,168613
45,858853
45,440954
46,022169
45,749807
45,933839
46,160887
45,796526
46,385192
45,69236
45,477207
45,847934
45,272897
45,37923
45,664808
45,390618
45,68542
45,65324
46,430038
45,835214
45,469168
45,538641
46,169258
47,087613
45,700387
46,643149
45,568941
45,669192
45,603486
45,335312
45,600675
45,552124
45,986588
45,675034
46,220682
45,816316
45,623189
45,813861
45,40339
46,110027
45,387455
46,617708
45,859887
45,422271
44,840223
44,318198
44,279606
43,944075
44,361525
44,677484
44,600473
44,838606
44,538404
44,562844
44,933081
44,267217
44,304623
44,035049
44,234898
44,165638
44,465408
44,526413
45,280111
44,406527
44,168634
44,065535
44,255064
44,602085
44,124154
44,443378
44,360757
44,448697
44,456564
45,339827
45,526784
45,639068
47,088803
45,879449
45,504363
45,715112
45,806432
45,595703
45,868079
45,351517
46,081068
45,942198
45,537
45,493085
45,656425
45,30944
45,736389
45,550781
45,402175
45,818896
45,399818
45,907707
46,003945
45,498359
45,581558
46,435527
47,628914
45,50437
45,28418
44,967838
46,185598
45,524416
48,872969
45,910359
46,141491
45,42056
45,206024
45,703653
45,321151
45,235935
45,709055
46,592029
45,886679
45,977581
45,110228
43,973768
44,376093
44,552465
44,032654
44,065278
44,83168
44,862944
44,328484
44,759214
45,785503
44,287951
44,372911
44,144088
44,404144
44,396685
43,793531
44,274167
44,126183
44,957094
44,02354
44,591762
44,083294
44,429301
44,023172
44,502028
44,093687
44,408619
44,569878
44,744186
44,324286
44,172388
44,544672
44,030749
45,139527
44,823844
44,432808
44,620623
44,523045
45,284612
44,780855
44,977873
46,289486
45,462408
46,233065
45,451408
45,533597
45,448906
45,579857
45,872469
45,45073
45,802148
45,445421
45,639558
46,850832
45,889224
45,381579
45,76158
46,173874
45,746268
46,101549
45,390472
45,698263
45,996143
45,542739
45,792884
45,888536
45,787681
45,577775
45,70375
45,434093
45,518533
45,277306
45,965386
45,749804
45,680193
46,806392
45,916474
45,648277
45,729761
45,242461
45,483233
46,247653
45,681082
45,565366
45,417478
45,840641
46,245266
45,456934
45,59837
45,290172
45,964517
45,816611
45,546424
45,700211
46,082236
45,78281
45,989283
46,839627
46,02812
45,439961
45,452629
46,217854
45,714147
45,577992
45,430078
45,817445
45,753202
45,487818
45,584222
45,511383
46,292878
45,600358
45,37087
45,84804
45,971479
45,23532
45,652788
45,760506
45,859334
46,120199
51,734839
48,407121
45,991237
45,629499
45,553804
45,565639
45,590397
45,568294
45,59093
45,488679
45,796657
45,868505
45,850026
45,237523
45,657606
45,689182
46,80855
45,699135
45,736118
45,280382
45,542341
46,358873
45,520077
45,609507
45,389311
45,40093
45,505939
45,816435
44,79713
44,992701
44,769957
44,163874
44,399546
43,701841
44,213611
45,271542
45,736527
46,1426
45,754554
45,610524
45,062027
46,042989
45,508168
47,454627
47,150307
46,187333
45,291395
46,752828
45,528067
45,966635
45,333326
46,119791
45,850389
47,957088
46,10183
45,892009
45,302411
46,204604
46,018247
45,851557
45,996591
47,416189
45,802823
47,454059
46,743148
47,76129
45,83909
47,466294
47,015687
46,185878
45,868496
45,962826
45,515747
45,76664
45,482464
45,360606
46,006363
45,458875
45,783148
45,621713
45,567889
45,579491
45,382125
46,626989
46,933494
45,904932
48,399427
46,360797
44,444034
44,079964
44,852692
44,012637
44,811964
44,956468
44,426378
44,232895
44,544978
44,716576
44,705764
44,309955
44,15178
44,200672
44,352918
44,153697
44,22684
44,518029
44,18529
44,245556
44,400407
45,714367
45,222584
44,509299
43,972712
44,172647
44,649037
44,303938
44,386555
44,079477
44,66841
45,015303
44,151815
44,870771
44,648662
44,203384
44,117827
44,616626
45,522116
45,721047
45,121488
45,438688
45,883315
46,099312
45,838396
45,159894
45,56767
45,548294
45,318596
46,024681
46,339631
45,466182
45,911196
45,419022
45,371056
46,050306
45,780387
45,507178
45,415292
45,74078
45,181807
46,016574
45,307351
45,571376
45,969413
45,414856
45,495348
45,416721
45,795381
45,743158
45,938086
45,581628
45,484197
45,663932
45,724186
45,425001
45,498684
46,36335
45,714248
45,815188
46,399959
45,373929
45,891282
45,360008
45,678268
45,320955
45,749197
46,18909
45,733107
45,278182
45,854751
46,525528
45,413092
45,620991
45,955356
45,442796
46,034168
46,200769
45,964301
45,609955
45,519165
46,078169
45,835557
46,169869
45,469216
45,970618
44,7767
44,650402
44,417129
45,094287
44,392249
44,469515
44,313615
44,028524
44,426084
43,907571
44,507668
44,605676
43,9997
44,048343
44,05472
44,449511
43,795851
44,26907
44,640646
43,830334
44,089364
44,531125
44,544896
44,339182
44,706227
44,525971
44,072674
44,317279
44,292525
43,84694
44,120187
46,173827
46,059804
45,727593
45,791075
45,399637
45,430485
45,145677
45,70838
45,935044
45,562197
46,16091
45,64769
46,566729
45,334548
45,388962
45,56703
45,970605
46,080081
45,714579
45,579439
45,786602
45,707127
45,33681
45,505337
45,756866
46,112625
45,551295
45,589259
45,62532
45,479224
45,325488
45,6163
45,421103
45,574467
45,545608
45,765069
45,605178
45,622804
45,691457
45,826245
46,128378
