1,694801
0,602663
0,543738
0,487768
0,508976
0,429262
0,463433
0,513719
0,454028
0,458798
0,458723
0,468585
0,448031
0,431714
0,475066
0,507327
0,428918
0,842706
0,488191
0,418454
0,619448
0,504344
0,490492
0,485223
0,427741
0,495885
0,560107
0,533642
0,575047
0,5641
0,617367
0,57298
0,477217
0,569191
0,489447
0,487321
0,469725
0,473185
0,468384
0,477622
0,458305
0,513104
0,498624
0,467774
0,468006
0,47034
0,83113
0,563824
0,424231
0,490766
0,511795
0,44278
0,505153
0,462067
0,459022
0,453824
0,452116
0,43576
0,503679
0,491759
0,449741
0,516198
0,402944
0,456774
0,438216
0,579913
0,538285
0,408947
0,484867
0,495516
0,488386
0,500505
0,47246
0,510381
0,509613
0,530678
0,828677
0,532355
0,463336
0,450459
0,456418
0,511014
0,456213
0,470053
0,544078
0,43253
0,473982
0,491456
0,462587
0,510821
0,476553
0,48511
0,498421
0,393974
0,461112
0,496268
0,461361
0,637727
0,526996
0,414389
0,488075
0,414405
0,47261
0,46911
0,50685
0,447413
0,621261
0,610451
0,497563
0,512858
0,462699
0,468553
0,491237
0,505815
0,457287
0,416098
0,470207
0,440008
0,500053
0,427571
0,431889
0,501909
0,489438
0,420258
0,446731
0,406498
0,494596
0,432091
0,505187
0,479465
0,470858
0,508637
0,475548
0,472357
0,445518
0,472535
0,454323
0,760823
0,457779
0,45341
0,474278
0,503239
0,500638
0,446823
0,397891
0,449871
0,436567
0,450726
0,437779
0,524096
0,486442
0,51262
0,476643
0,4252
0,460565
0,478921
0,448316
0,504827
0,42728
0,462735
0,530208
0,42985
0,43329
0,45268
0,516529
0,420908
0,454219
0,492414
0,683117
0,486394
0,527436
0,494846
0,440141
0,429015
0,472767
0,492407
0,528078
0,491807
0,535065
0,473035
0,442518
0,540019
0,392825
0,450767
0,451417
0,453111
0,441725
0,446693
0,422192
0,469441
0,420439
0,431341
0,462611
0,460578
0,458936
0,449965
0,538907
0,741046
0,553813
0,840006
0,75309
0,560409
0,530889
0,540782
0,594442
0,590802
0,51511
0,529605
0,539456
0,513789
0,583303
0,472514
0,488815
0,515864
0,478884
0,47987
0,448915
0,433428
0,513692
0,475106
0,453738
0,440934
0,483677
0,507556
0,542517
0,453807
0,511271
0,462585
0,824939
0,525297
0,437204
0,480674
0,501348
0,461205
0,458145
0,47083
0,475281
0,476187
0,468336
0,465747
0,476687
0,476167
0,482263
0,451113
0,44899
0,49306
0,466125
0,489515
0,47063
0,524448
0,487311
0,474106
0,506478
0,482311
0,472187
0,471159
0,451339
0,461368
0,945015
0,491607
0,438701
0,474161
0,483045
0,507582
0,447061
0,530462
0,470215
0,470977
0,461749
0,507513
0,526754
0,48438
0,538148
0,45775
0,436549
0,452824
0,488648
0,424958
0,425022
0,410039
0,403153
0,442017
0,472355
0,486064
0,457163
0,44419
0,465021
0,465988
0,513676
0,747531
0,532937
0,545752
0,468404
0,483092
0,424629
0,492905
0,442957
0,473175
0,429952
0,481266
0,481809
0,471963
0,45129
0,455477
0,485611
0,525588
0,437127
0,488474
0,468149
0,493873
0,424646
0,45608
0,42644
0,470921
0,515767
0,482511
0,455226
0,471147
0,665234
0,487203
0,494294
0,487487
0,47943
0,640205
0,515407
0,488928
0,461345
0,474078
0,481168
0,452955
0,50647
0,464172
0,459264
0,444066
0,464249
0,46428
0,474602
0,499717
0,47358
0,429449
0,43376
0,426116
0,467319
0,487306
0,453338
0,495961
0,411595
0,502335
0,451159
0,786408
0,59759
0,439859
0,456075
0,460876
0,496125
0,464472
0,538875
0,52129
0,484544
0,449755
0,506739
0,469013
0,43509
0,479672
0,478123
0,480574
0,499181
0,416936
0,494159
0,476244
0,465321
0,439207
0,464699
0,460014
0,439418
0,447775
0,504821
0,456669
0,456075
0,429781
0,747991
0,509961
0,451916
0,535347
0,458752
0,502211
0,465707
0,476492
0,613464
0,504453
0,444871
0,521005
0,498007
0,430877
0,438082
0,438281
0,421221
0,459243
0,434929
0,500697
0,438021
0,480525
0,498763
0,447695
0,47926
0,475738
0,490957
0,418149
0,453948
0,501439
0,836752
0,509096
0,502552
0,414433
0,448141
0,482382
0,460769
0,436232
0,479836
0,477541
0,413421
0,489266
0,446511
0,446959
0,432664
0,424523
0,516161
0,462121
0,473245
0,496259
0,500861
0,457757
0,453525
0,458535
0,45819
0,419306
0,44446
0,466415
0,452257
0,47518
0,441258
0,797597
0,52694
0,515736
0,529016
0,548637
0,461968
0,459118
0,463546
0,428065
0,467576
0,463693
0,511559
0,464547
0,452509
0,47445
0,504137
0,464767
0,484178
0,423788
0,475957
0,422851
0,455632
0,470788
0,421655
0,47194
0,485165
0,411351
0,430359
0,447726
0,533006
0,512514
0,831689
0,501776
0,491702
0,415232
0,451913
0,492427
0,506802
0,462672
0,520861
0,474724
0,444782
0,461932
0,499278
0,433133
0,487055
0,544178
0,614415
0,583707
0,49924
0,580727
0,510359
0,4445
0,433659
0,504946
0,467628
0,515061
0,484677
0,461444
0,442581
1,660237
0,504129
0,460463
0,531194
0,500898
0,490969
0,464257
0,445718
0,401863
0,476871
0,464029
0,438586
0,432407
0,483863
0,453867
0,484592
0,509333
0,458093
0,506847
0,446983
0,419292
0,469735
0,482621
0,453058
0,495403
0,423324
0,478217
0,547757
0,498104
0,848591
0,5092
0,446539
0,471895
0,438345
0,469872
0,440491
0,443418
0,895624
0,604361
0,484488
0,472672
0,464834
0,39447
0,453322
0,444615
0,437352
0,476255
0,504507
0,479239
0,490976
0,488795
0,512776
0,462812
0,498413
0,504872
0,43499
0,420379
0,385555
0,477383
0,478475
0,726587
0,524544
0,452804
0,45225
0,448687
0,500242
0,508955
0,470297
0,410289
0,48796
0,463214
0,50659
0,469005
0,448018
0,498802
0,463212
0,464896
0,464599
0,512704
0,441807
0,439572
0,483371
0,566791
0,505387
0,499782
0,485026
0,491762
0,519466
0,499038
0,481498
0,816212
0,526882
0,437098
0,512433
0,4748
0,41929
0,4559
0,509145
0,465587
0,476561
0,527835
0,448516
0,44152
0,544545
0,520824
0,458281
0,442748
0,429435
0,425073
0,447104
0,482333
0,456342
0,446759
0,468376
0,435333
0,479723
0,479121
0,542071
0,404419
0,483642
0,449968
0,45873
0,796533
0,470164
0,477206
0,410994
0,457094
0,519224
0,499516
0,490676
0,444451
0,426601
0,431826
0,505825
0,478272
0,455176
0,457346
0,431934
0,423747
0,404769
0,439102
0,472766
0,478164
0,445056
0,495352
0,452026
0,525042
0,489828
0,508614
0,458915
0,477162
0,449588
0,462162
0,780234
0,514931
0,397107
0,484543
0,473213
0,419843
0,420925
0,461702
0,487802
0,4647
0,462654
0,443289
0,497832
0,480431
0,465543
0,414736
0,435189
0,441536
0,45294
0,449713
0,474476
0,491926
0,499189
0,479707
0,47545
0,487786
0,440881
0,449317
0,480381
0,549678
0,481004
0,791135
0,495293
0,465537
0,507869
0,519787
0,481185
0,422187
0,43005
0,450941
0,486542
0,450364
0,443889
0,477266
0,44627
0,426858
0,495423
0,440618
0,464931
0,457931
0,467344
0,432166
0,392767
0,483453
0,441404
0,511948
0,442344
0,460143
0,429764
0,436505
0,511487
0,517243
0,762673
0,537998
0,527129
0,465026
0,464495
0,514189
0,45753
0,529491
0,506464
0,452046
0,428848
0,448824
0,413929
0,465091
0,419922
0,461789
0,509945
0,474935
0,438378
0,445877
0,45313
0,486897
0,42672
0,482802
0,4355
0,43662
0,439738
0,47949
0,434752
0,41107
0,470492
0,494786
0,526647
0,926244
0,455018
0,452354
0,450258
0,474719
0,479112
0,406301
0,432864
0,433756
0,488032
0,420603
0,412748
0,430582
0,464608
0,473667
0,465556
0,48966
0,462085
0,429834
0,507183
0,444031
0,424552
0,482586
0,452291
0,456399
0,520204
0,448484
0,482643
0,461028
0,447142
0,469187
0,413597
0,763156
0,456869
0,508086
0,521303
0,453367
0,427513
0,432885
0,440171
0,471729
0,451237
0,516213
0,47741
0,428017
0,479813
0,417111
0,474097
0,441804
0,452738
0,419365
0,426078
0,494164
0,449568
0,456107
0,46728
0,413157
0,443411
0,447265
0,467721
0,447413
0,463111
0,483294
0,827554
0,501965
0,467122
0,446719
0,429885
0,515651
0,453479
0,455816
0,493339
0,491765
0,470477
0,472927
0,489932
0,456899
0,456299
0,448373
0,508719
0,418271
0,490978
0,414959
0,440386
0,453243
0,488371
0,472379
0,466136
0,43874
0,430956
0,500917
0,422932
0,443779
0,406526
0,838939
0,52762
0,481977
0,459906
0,416277
0,489525
0,429124
0,535665
0,524912
0,527892
0,464458
0,448403
0,398837
0,526049
0,414501
0,468317
0,487968
0,453337
0,466845
0,443505
0,494114
0,466133
0,453312
0,512809
0,495773
0,443876
0,407003
0,422632
0,4978
0,526089
0,447169
0,837797
0,490487
0,502756
0,512086
0,483899
0,454229
0,468967
0,434504
0,463379
0,452217
0,506455
0,458641
0,544445
0,48799
0,453807
0,465668
0,429711
0,433892
0,416584
0,471013
0,492259
0,463804
0,439206
0,477154
0,440645
0,429408
0,40608
0,428927
0,37204
0,385522
0,379372
0,41782
0,719978
0,476501
0,469066
0,423082
0,424583
0,398762
0,394318
0,360953
0,386161
0,410496
0,394437
0,384139
0,393079
0,422318
0,475219
0,440789
0,423393
0,426681
0,394374
0,457183
0,423527
0,444157
0,489518
0,400516
0,444953
0,4905
0,422088
0,408617
0,420844
0,421888
0,423748
0,469075
0,418901
0,437205
0,39047
0,45717
0,419818
0,404805
0,436113
0,42528
0,459387
0,8505
0,447238
0,459952
0,398209
0,40624
0,407264
0,415139
0,375195
0,460152
0,474089
0,422315
0,448898
0,430466
0,397449
0,380986
0,367354
0,390928
0,409626
0,39294
0,410005
0,388328
0,457374
0,487934
0,429845
0,459661
0,378879
0,518289
0,537114
0,490131
0,641041
0,428558
0,429404
0,427402
0,399925
0,445415
0,447882
0,424416
0,681122
0,451759
0,426751
0,421628
0,449999
0,497324
0,464879
0,499777
0,608525
0,597762
1,022013
0,541543
0,429074
0,451037
0,470107
0,428455
0,466499
0,468964
0,509616
0,425769
0,40539
0,503282
0,469416
0,414767
0,420476
0,439075
0,423762
0,4396
0,532083
0,671889
0,592657
0,42362
0,414929
0,419821
0,401503
0,411271
0,469099
0,388256
0,386579
0,406926
0,468631
0,458672
0,520265
0,40791
0,381495
0,373867
0,419284
0,403987
0,411799
0,44135
0,398486
0,356705
0,396746
0,380585
0,389446
0,383872
0,409753
0,408548
0,43254
0,386409
0,403728
0,402615
0,414326
0,385112
0,387556
0,403142
0,402005
0,463199
0,443112
0,411715
0,380454
0,369526
0,435768
0,404964
0,384359
0,468328
0,422255
0,470023
0,50023
0,424083
0,639033
0,442997
0,435968
0,449421
0,417925
0,433308
0,389777
0,491975
0,466036
0,436659
0,395023
0,419241
0,508638
0,444312
0,434444
0,440202
0,450196
0,450127
0,429853
0,415732
0,428781
0,46199
0,437044
0,414892
0,405427
0,452704
0,525018
0,512753
0,38522
0,390387
0,473745
0,464358
0,777433
0,565155
0,479862
0,379149
0,454684
0,40693
0,44215
0,462845
0,433161
0,435875
0,503343
0,4721
0,489689
0,448494
0,486339
0,447634
0,50502
0,541473
0,451538
0,466236
0,503405
0,478006
0,467105
0,412003
0,430792
0,474913
0,467571
0,510015
0,544007
0,91531
0,452493
0,467262
0,41315
0,465195
0,441391
0,5546
0,407211
0,420323
0,388904
0,42022
0,434186
0,403574
0,404015
0,393709
0,436115
0,431136
0,471035
0,403436
0,420024
0,580068
0,546626
0,499475
0,432343
0,458553
0,447494
0,38443
0,423424
0,47757
0,455204
0,445937
0,427417
0,436596
0,415134
0,421438
0,478542
0,457767
0,468585
0,776316
0,402888
0,565721
0,517092
0,580446
0,498274
0,562045
0,53117
0,446832
0,509476
0,561388
0,504227
0,427087
0,436004
0,521921
0,451987
0,446978
0,489928
0,503118
0,458235
0,429165
0,407959
0,414905
0,399308
0,46414
0,434972
0,404749
0,438663
0,510522
0,781599
0,462393
0,460458
0,453474
0,417309
0,398307
0,423007
0,473402
0,454895
0,405482
0,451395
0,449892
0,407856
0,431691
0,456157
0,423943
0,406809
0,400473
0,386641
0,463637
0,407664
0,42448
0,410286
0,44511
0,437501
0,398811
0,436734
0,422255
0,402522
0,419373
0,424839
0,41617
0,403983
0,402737
0,439052
0,412179
0,396646
0,876621
0,548857
0,404616
0,429593
0,423761
0,384046
0,449934
0,405863
0,437257
0,4603
0,755223
0,471546
0,444646
0,492233
0,462512
0,504388
0,451566
0,41045
0,44485
0,408519
0,419958
0,407342
0,416438
0,392416
0,454596
0,448523
0,437988
0,392916
0,423393
0,406655
0,489695
0,421202
0,393891
0,380755
0,471047
0,409841
0,440939
0,376869
0,40488
0,395176
0,427883
0,407201
0,452012
0,570609
0,471446
0,387632
0,408925
0,431063
0,428167
0,426398
0,419454
0,375708
0,437785
0,427361
0,403928
0,411659
0,391528
0,449216
0,805613
0,476123
0,391448
0,461047
0,422142
0,401961
0,408135
0,401451
0,394941
0,524178
0,431777
0,410434
0,416373
0,417144
0,443263
0,452004
0,395537
0,440058
0,429602
0,502959
0,46652
0,446447
0,399652
0,410998
0,381714
0,461759
0,463993
0,408337
0,442527
0,464593
0,473866
0,485353
0,448565
0,445148
0,447241
0,432995
0,449621
0,536449
0,471441
0,463527
0,451931
0,486266
0,474675
0,81223
0,441063
0,455445
0,406768
0,467427
0,53497
0,438185
0,431329
0,443354
0,439529
0,47617
0,409339
0,482814
0,561425
0,483593
0,487349
0,415143
0,513035
0,45459
0,450102
0,407332
0,461814
0,397203
0,553337
0,462791
0,480903
0,410967
0,446989
0,447919
0,476857
0,422205
0,434392
0,434407
0,993978
0,495357
0,456495
0,447961
0,419623
0,460129
0,438
0,397159
0,435973
0,413142
0,496683
0,462719
0,439417
0,521003
0,466297
0,441552
0,436302
0,433951
0,462648
0,448898
0,409439
0,436684
0,445845
0,46027
0,393394
0,429186
0,446801
0,518603
0,452155
0,461615
1,322101
0,55502
0,478781
0,517072
0,470038
0,414753
0,431109
0,488697
0,477953
0,409836
0,387122
0,519495
0,491003
0,574619
0,459844
0,5737
0,616881
0,465944
0,445388
0,470115
0,438659
0,456835
0,43935
0,397878
0,424193
0,444758
0,465139
0,469058
0,446655
0,395233
0,741548
0,458451
0,402698
0,517867
0,482144
0,598981
0,457792
0,444334
0,508468
0,450547
0,425793
0,464735
0,582658
0,445942
0,492303
0,426765
0,399323
0,488491
0,555857
0,475854
0,45015
0,463035
0,482478
0,515996
0,439879
0,467217
0,508802
0,484874
0,49629
0,453302
0,476573
0,831103
0,491271
0,465816
0,447991
0,442971
0,471553
0,420854
0,449843
0,47638
0,491237
0,420107
0,490786
0,458648
0,410335
0,575473
0,461541
0,520784
0,433082
0,44858
0,426644
0,459198
0,49955
0,535405
0,473565
0,488216
0,488929
0,453552
0,514124
0,480586
0,885882
0,465152
0,518913
0,410373
0,447803
0,472164
0,542505
0,445763
0,499324
0,497741
0,50209
0,483013
0,428321
0,441035
0,459935
0,523598
0,476134
0,47026
0,458257
0,445245
0,464918
0,446107
0,44073
0,443405
0,437673
0,514575
0,523762
0,467384
0,403138
0,429443
0,438757
0,461006
0,736103
0,454523
0,439909
0,416478
0,415454
0,439017
0,45968
0,382209
0,435751
0,447806
0,450257
0,463822
0,414298
0,552985
0,558902
0,430731
0,49764
0,493358
0,523549
0,434125
0,438433
0,465898
0,446023
0,488097
0,474185
0,44595
0,404532
0,474191
0,474403
0,451326
0,487118
0,499826
0,480716
0,468755
0,431279
0,928717
0,571943
0,476075
0,413248
0,491476
0,502916
0,451309
0,470306
0,409437
0,44051
0,444195
0,513918
0,48489
0,494227
0,592066
0,455693
0,404016
0,454413
0,482351
0,445775
0,452586
0,403357
0,442964
0,481596
0,437172
0,531254
0,489566
0,463954
0,457419
0,472553
0,764656
0,484269
0,454124
0,492684
0,48688
0,452985
0,418032
0,409858
0,4696
0,493776
0,436117
0,493154
0,467474
0,483228
0,443052
0,455338
0,512907
0,397855
0,428912
0,438712
0,457185
0,493392
0,479007
0,469842
0,446317
0,417462
0,458569
0,406934
0,549467
0,600509
0,77558
0,508681
0,459278
0,468984
0,511715
0,449497
0,431043
0,459701
0,467079
0,477478
0,48489
0,434869
0,426236
0,448177
0,541014
0,391958
0,462694
0,443378
0,45626
0,437049
0,432041
0,437316
0,43756
0,402645
0,433414
0,488534
0,47077
0,507209
0,439176
0,466542
0,492054
0,474659
0,798596
0,506856
0,455777
0,420207
0,439034
0,45895
0,459311
0,44374
0,506467
0,48579
0,500718
0,402777
0,415754
0,498938
0,472238
0,430168
0,52086
0,476274
0,531443
0,492411
0,440205
0,48029
0,502351
0,486045
0,5267
0,416211
0,442725
0,476427
0,471063
0,436137
0,499576
0,499004
0,429458
0,535057
0,936296
0,498104
0,452661
0,504989
0,481268
0,456049
0,515449
0,509296
0,501356
0,438863
0,421077
0,442918
0,452409
0,447538
0,457916
0,404053
0,452232
0,47109
0,445424
0,457987
0,477443
0,466181
0,446545
0,437308
0,467784
0,457231
0,466565
0,484714
0,502791
0,646987
0,551292
0,414967
0,466289
0,502248
0,491433
0,446235
0,473988
0,448782
0,478292
0,419002
0,400348
0,423554
0,488773
0,43452
0,43951
0,47598
0,513264
0,433203
0,457628
0,409326
0,442698
0,425263
0,480721
0,444149
0,481677
0,429242
0,43411
0,469606
0,481689
0,474385
0,456238
0,423534
0,872344
0,499317
0,466101
0,465675
0,531565
0,475232
0,46458
0,443505
0,450151
0,44641
0,438669
0,418639
0,429844
0,41096
0,459621
0,418625
0,477488
0,465577
0,439326
0,482925
0,475474
0,517009
0,40925
0,449507
0,431406
0,433236
0,43214
0,44278
0,438436
0,428815
0,418482
0,39421
0,439326
0,684828
0,454514
0,443532
0,533607
0,463761
0,479581
0,484331
0,559407
0,466193
0,416357
0,471839
0,45844
0,4643
0,488452
0,435694
0,523761
0,486227
0,448105
0,432449
0,490284
0,454039
0,459998
0,491326
0,452285
0,424347
0,428806
0,471795
0,447719
0,429781
0,473897
0,445067
0,459141
0,764663
0,477978
0,715566
0,582338
0,487346
0,474774
0,46526
0,447154
0,473492
0,47264
0,428091
0,411086
0,469631
0,495117
0,48877
0,560244
0,431868
0,456885
0,417494
0,47753
0,438628
0,454046
0,430418
0,454682
0,420593
0,524293
0,514028
0,45734
0,448531
0,415095
0,409164
0,775486
0,457257
0,403398
0,464623
0,467628
0,457165
0,404124
0,457108
0,429854
0,48697
0,513427
0,522319
0,481002
0,481417
0,480873
0,426539
0,511445
0,456497
0,436987
0,448267
0,465179
0,454315
0,428145
0,449704
0,4655
0,461826
0,442967
0,419501
0,438129
0,448631
0,44015
0,467791
0,477308
0,772236
0,444363
0,449173
0,475471
0,419214
0,445314
0,480142
0,442523
0,502029
0,468353
0,469584
0,518732
0,497492
0,431858
0,516446
0,471934
0,483682
0,39691
0,470463
0,467749
0,495405
0,477536
0,458915
0,477072
0,478965
0,4443
0,43446
0,401726
0,4518
0,480828
0,817145
0,541365
0,47932
0,416593
0,450467
0,471373
0,480321
0,485825
0,455585
0,440642
0,504858
0,495133
0,451602
0,456465
0,47313
0,484075
0,449337
0,448552
0,486763
0,490928
0,450246
0,547978
0,475052
0,463063
0,463444
0,940344
0,492023
0,490045
0,460133
0,433226
0,768596
0,473437
0,472596
0,493722
0,461476
0,436538
0,446225
0,446465
0,46783
0,395903
0,377081
0,507905
0,429659
0,465668
0,436868
0,507953
0,532811
0,565529
0,451668
0,445131
0,479951
0,505175
0,420598
0,461125
0,460154
0,409707
0,475075
0,46219
0,433863
0,462576
0,414134
0,431474
1,017581
0,4726
0,452602
0,507707
0,471888
0,421908
0,463384
0,417904
0,447815
0,454435
0,447826
0,466668
0,478856
0,428419
0,430192
0,433141
0,418654
0,459999
0,424753
0,439617
0,489529
0,436358
0,411593
0,473297
0,450615
0,4493
0,490233
0,453761
0,462266
0,438494
0,465966
0,468722
0,889381
0,481575
0,496963
0,493823
0,498856
0,441478
0,477805
0,507122
0,494894
0,479289
0,453755
0,486401
0,445842
0,413244
0,467343
0,410737
0,435391
0,484899
0,433955
0,461894
0,528765
0,460477
0,483144
0,420379
0,404271
0,45862
0,474963
0,431868
0,426157
0,455985
0,475921
0,829841
0,491139
0,466211
0,504425
0,440435
0,476521
0,474921
0,411696
0,45944
0,510424
0,428888
0,426098
0,390917
0,491621
0,472811
0,435457
0,464913
0,455335
0,436226
0,49645
0,460378
0,436161
0,452598
0,490236
0,541481
0,439482
0,447036
0,444786
0,477881
0,420949
0,423951
0,433549
0,648753
0,521404
0,507537
0,466483
0,431255
0,438834
0,436295
0,525784
0,493786
0,434225
0,431764
0,42655
0,435963
0,493728
0,491694
0,47047
0,455183
0,496678
0,451113
0,363917
0,463994
0,486704
0,474281
0,473854
0,46694
0,529638
0,49893
0,53411
0,426014
0,438857
0,483632
0,408736
0,721828
0,48138
0,473183
0,497344
0,43961
0,46219
0,462416
0,41615
0,480241
0,481645
0,440518
0,427989
0,456995
0,461138
0,445546
0,437242
0,519898
0,478106
0,424524
0,446251
0,4363
0,485282
0,459838
0,462193
0,462128
0,497295
0,441211
0,506324
0,48062
0,50535
0,468941
0,87498
0,473221
0,431089
0,45714
0,448385
0,520926
0,447538
0,440386
0,430618
0,478614
0,471974
0,488777
0,462929
0,521499
0,459894
0,461484
0,421796
0,497016
0,442806
0,448656
0,469065
0,438901
0,461846
0,442343
0,406698
0,441847
0,434225
0,411099
0,434959
0,481755
0,547636
0,443226
0,523487
0,912463
0,532474
0,457318
0,490791
0,471335
0,439725
0,447943
0,462324
0,464262
0,508252
0,437213
0,467082
0,452619
0,441024
0,452305
0,458753
0,412159
0,455506
0,500761
0,428581
0,470372
0,49606
0,418511
0,427586
0,417123
0,441351
0,434057
0,458015
0,454214
0,467028
0,564469
0,460792
0,436721
0,440299
0,37929
0,42091
0,446367
0,453189
0,462346
0,70992
0,453445
0,41094
0,403642
0,38898
0,426758
0,412752
0,43928
0,395904
0,505653
0,393376
0,380842
0,407112
0,411388
0,396694
0,406862
0,404971
0,381521
0,469879
0,400202
0,45938
0,389561
0,409432
0,389788
0,390289
0,449286
0,409748
0,422868
0,520697
0,422479
0,424455
0,429668
0,476619
0,410112
0,438568
0,402294
0,48722
0,456158
0,418189
0,43968
0,762622
0,476952
0,415642
0,455807
0,413303
0,413135
0,479435
0,404584
0,439461
0,414257
0,399073
0,397188
0,453162
0,418494
0,394988
0,472799
0,381444
0,42972
0,410399
0,42971
0,411103
0,417275
0,424973
0,404988
0,497798
0,405375
0,386511
0,455017
0,45946
0,379445
0,425601
0,43284
0,402854
0,466441
0,404065
0,40293
0,412568
0,399875
0,449836
0,719811
0,467268
0,396665
0,381004
0,415223
0,411413
0,37955
0,393622
0,405126
0,415144
0,381118
0,419942
0,417689
0,399985
0,382923
0,397193
0,415634
0,405139
0,418574
0,42972
0,432103
0,450242
0,452118
0,4211
0,40451
0,39887
0,426645
0,419204
0,40647
0,414567
0,419068
0,42497
0,426824
0,422244
0,407359
0,403298
0,438219
0,414734
0,44356
0,409198
0,414527
0,423979
0,411737
0,788173
0,430333
0,403186
0,447286
0,418584
0,42718
0,349198
0,434105
0,439673
0,497866
0,485645
0,506691
0,423119
0,446258
0,437816
0,453819
0,416822
0,388368
0,424463
0,373445
0,415815
0,429886
0,378292
0,442212
0,441631
0,395251
0,395266
0,437335
0,384057
0,396134
0,430925
0,389558
0,452977
0,618409
0,452223
0,460658
0,401168
0,441545
0,432278
0,421384
0,414484
0,410582
0,406133
0,869592
0,418757
0,418192
0,45533
0,49637
0,444862
0,422695
0,445893
0,485404
0,438865
0,458803
0,489821
0,487065
0,50882
0,523136
0,500722
0,535104
0,498119
0,488471
0,500538
0,461177
0,476863
0,473936
0,545477
0,457275
0,47466
0,453888
0,451445
0,449158
0,464722
0,462869
0,520565
0,425477
0,480587
0,406023
0,478415
0,477891
0,460858
0,982608
0,532517
0,427776
0,415676
0,465704
0,456366
0,406458
0,496274
0,393709
0,41431
0,484359
0,411803
0,528256
0,442382
0,388892
0,510286
0,381471
0,530565
0,568028
0,462317
0,469075
0,427766
0,406328
0,433031
0,43042
0,449795
0,451068
0,440549
0,45088
0,539839
0,482431
0,455085
0,491452
0,500893
0,451166
0,493115
0,46775
0,423819
0,453554
0,423089
0,472748
0,470052
0,456388
0,394833
0,419203
0,553142
0,425805
0,510816
0,484744
0,736734
0,838006
0,497945
0,466348
1,090671
0,464422
0,434318
0,427539
0,454971
0,449679
0,488958
0,417461
0,478788
0,437563
0,439152
0,41049
0,367922
0,445199
0,544861
0,573513
0,486184
0,459524
0,437464
0,462132
0,446949
0,428836
0,417585
0,385789
0,466273
0,406105
0,357817
0,476726
0,399875
0,898705
0,597227
0,492862
0,359033
0,391161
0,398555
0,382829
0,397338
0,420706
0,379061
0,425487
0,366206
0,388869
0,428253
0,40099
0,366525
0,422148
0,386324
0,419562
0,367582
0,396443
0,437036
0,466914
0,406229
0,458751
0,399623
0,401118
0,410661
0,362302
0,430804
0,410232
0,458705
0,98238
0,61068
0,503833
0,406643
0,395557
0,48687
0,391502
0,40717
0,384577
0,432363
2,27855
0,696526
0,540463
0,397952
0,441712
0,415104
0,444998
0,469166
0,412679
0,605321
0,557856
0,474805
0,39886
0,570686
0,618991
0,506778
0,477259
0,48661
0,41489
0,427755
0,439488
0,404487
1,003435
0,390706
0,455694
0,468024
0,410581
0,421145
0,402346
0,384806
0,413415
0,413446
0,37437
0,376758
0,393866
0,397246
0,37508
0,416219
0,388232
0,409548
0,428286
0,364312
0,433328
0,367362
0,366561
0,495943
0,375944
0,404739
0,39913
0,395959
0,380535
0,421793
0,422573
0,384864
0,363325
0,406785
0,384616
0,409357
0,403034
0,632568
0,407418
0,401499
0,455244
0,384167
0,38355
0,376746
0,361156
0,389146
0,383486
0,395998
0,381097
0,386085
0,384176
0,380203
0,419275
0,385071
0,402483
0,36091
0,394632
0,414929
0,41469
0,413555
0,443485
0,610384
0,472455
0,374533
0,392858
0,380565
0,365059
0,364777
0,373804
0,362436
0,375928
0,397101
0,622294
0,494038
0,444669
0,427772
0,446301
0,782723
0,424987
0,392874
0,401007
0,470547
0,41101
0,401559
0,376508
0,391347
0,439828
0,467674
0,421683
0,418064
0,423203
0,454046
0,403934
0,407584
0,399449
0,440991
0,411974
0,478988
0,500167
0,427286
0,385858
0,409874
0,401441
0,39468
0,410232
0,373193
0,424182
0,682437
0,425564
0,374206
0,416219
0,388552
0,407182
0,394856
0,52286
0,391522
0,391453
0,393115
0,459146
0,438437
0,384775
0,382054
0,40918
0,36886
0,367846
0,400373
0,419088
0,430535
0,350236
0,393648
0,370866
0,397778
0,449771
0,404262
0,396413
0,406457
0,459864
0,39059
0,452361
0,394988
0,392301
0,417367
0,396227
0,397649
0,393594
0,661322
0,43011
0,404347
0,392478
0,370749
0,407464
0,394005
0,506865
0,456627
0,441468
0,429073
0,454882
0,367782
0,492967
0,412641
0,380553
0,378913
0,429001
0,349336
0,419065
0,486981
0,463071
0,408614
0,370578
0,396338
0,433165
0,501743
0,387493
0,471648
0,365827
0,371238
0,36329
0,397448
0,411531
0,368635
0,35514
0,413268
0,787794
0,498533
0,485119
0,412267
0,40334
0,351693
0,386957
0,395084
0,401327
0,379685
0,382439
0,405949
0,403274
0,406573
0,40498
0,400855
0,367222
0,413326
0,465899
0,446346
0,353193
0,38989
0,363326
0,428826
0,432754
0,406651
0,374116
0,396735
0,415941
0,452376
0,399574
0,381184
0,376569
0,432243
0,395988
0,442848
0,695483
0,502751
0,388321
0,370957
0,369065
0,405233
0,440818
0,364355
0,374034
0,391866
0,377826
0,418193
0,384449
0,402132
0,366113
0,399998
0,358796
0,375272
0,381318
0,377021
0,386777
0,415059
0,433261
0,390028
0,365244
0,398899
0,425484
0,468217
0,416593
0,43894
0,418951
0,457328
0,449822
0,465971
0,379922
0,751684
0,462613
0,390957
0,376489
0,37053
0,360332
0,402841
0,367104
0,394216
0,39507
0,402879
0,35754
0,35621
0,348587
0,440474
0,450399
0,364958
0,368684
0,385574
0,375638
0,387128
0,38508
0,396538
0,409946
0,378299
0,386653
0,37255
0,369063
0,381915
0,378953
0,416417
0,373392
0,416365
0,405082
0,400386
0,415458
0,438443
0,400633
0,819195
0,420553
0,412577
0,398103
0,390253
0,408119
0,410493
0,373292
0,351523
0,431084
0,376312
0,387736
0,361201
0,401351
0,342195
0,43622
0,370779
0,375926
0,423943
0,443834
0,447242
0,40865
0,391625
0,402538
0,415517
0,377671
0,449787
0,43803
0,379427
0,367251
0,400212
0,387871
0,371927
0,409871
0,378889
0,391989
0,973473
0,401654
0,433169
0,373601
0,423324
0,3602
0,377091
0,374879
0,409452
0,41552
0,369592
0,497049
0,474905
0,423705
0,402895
0,384896
0,397552
0,424134
0,446167
0,422528
0,365631
0,364833
0,387911
0,40525
0,437251
0,352684
0,35482
0,387174
0,365075
0,451031
0,412742
0,3809
0,402796
0,395789
0,837475
0,417143
0,37169
0,378632
0,494426
0,362987
0,38842
0,386472
0,379009
0,450414
0,371284
0,387274
0,386818
0,36844
0,410212
0,392031
0,388428
0,373688
0,411567
0,378289
0,393957
0,389623
0,428054
0,396362
0,400368
0,405496
0,417708
0,378709
0,455682
0,398261
0,374482
0,444452
0,396536
0,410737
0,434392
0,837772
0,415083
0,404938
0,386343
0,376905
0,361714
0,430901
0,464888
0,458589
0,40835
0,404146
0,37389
0,422892
0,360961
0,394471
0,390186
0,377341
0,36455
0,364701
0,394189
0,371709
0,346604
0,394982
0,39043
0,367085
0,387945
0,375704
0,373353
0,395401
0,383914
0,354248
0,405949
0,403296
0,36973
0,385407
0,462389
0,465496
0,51884
0,606472
0,494923
0,426046
0,409837
0,35568
0,450451
0,417047
0,377555
0,451767
0,419907
0,367774
0,403438
0,44012
0,364828
0,417201
0,378828
0,373671
0,375754
0,472572
0,401002
0,373294
0,427881
0,394675
0,367835
0,395461
0,417046
0,364519
0,46789
0,409605
0,383563
0,358103
0,392768
0,400671
0,403477
0,383254
0,400363
0,389179
0,77181
0,438531
0,368539
0,408689
0,390575
0,385705
0,359423
0,35826
0,376672
0,35946
0,459382
0,399533
0,377088
0,372046
0,379916
0,368807
0,393239
0,379544
0,357238
0,383164
0,384892
0,363208
0,404889
0,373726
0,385106
0,360692
0,40047
0,371737
0,357993
0,406205
0,428393
0,389516
0,401186
0,367308
0,385822
0,364268
0,352372
0,39999
0,406018
0,393406
0,405698
0,762162
0,385218
0,381441
0,366953
0,434625
0,427574
0,409505
0,376964
0,391828
0,430267
0,429828
0,434736
0,510399
0,526039
0,445734
0,402586
0,379574
0,395677
0,373565
0,363065
0,401745
0,421252
0,358918
0,383587
0,398423
0,367135
0,415224
0,396387
0,346869
0,391813
0,462454
0,369388
0,400437
0,404005
0,373498
0,40944
0,959264
0,424835
0,496772
0,415209
0,415293
0,395727
0,415707
0,36879
0,435765
0,374619
0,377232
0,823156
0,456371
0,40143
0,399214
0,385014
0,394671
0,413028
0,370278
0,404724
0,369857
0,417874
0,377805
0,412133
0,410506
0,451576
0,388256
0,382654
0,407932
0,41852
0,347905
0,412778
0,38956
0,34727
0,4132
0,699582
0,463306
0,35639
0,358377
0,396
0,441364
0,400106
0,369592
0,378186
0,370406
0,359794
0,387207
0,354006
0,3601
0,381034
0,56111
0,412299
0,413931
0,408033
0,388299
0,404261
0,385005
0,423108
0,405474
0,432909
0,417891
0,367521
0,403907
0,389639
0,379061
0,401908
0,402303
0,418732
0,532848
0,473914
0,448914
0,410617
0,476501
0,418125
0,661435
0,415974
0,419181
0,434408
0,368118
0,378306
0,379792
0,388631
0,359727
0,350161
0,398155
0,353374
0,384296
0,428234
0,416596
0,380382
0,424499
0,364673
0,373457
0,41837
0,382931
0,416044
0,411113
0,383383
0,361014
0,38329
0,378799
0,362865
0,369169
0,545265
0,467071
0,427973
0,457183
0,414555
0,374994
0,373
0,412252
0,345952
0,393988
0,357092
0,392369
0,376463
0,846974
0,422341
0,46849
0,393604
0,408
0,379121
0,399836
0,393077
0,37838
0,383122
0,430847
0,470306
0,403808
0,418417
0,371244
0,396367
0,418652
0,45111
0,414246
0,403138
0,391287
0,385783
0,404561
0,372558
0,4436
0,362009
0,394335
0,367968
0,383046
0,432951
0,389834
0,429704
0,400138
0,396
0,380971
0,722417
0,450223
0,413181
0,428376
0,443104
0,358971
0,40878
0,392245
0,392251
0,402041
0,413162
0,482655
0,471314
0,557373
0,611667
0,499354
0,400085
0,364079
0,374845
0,42003
0,363707
0,437624
0,372833
0,484177
0,383129
0,399756
0,412466
0,373115
0,381967
0,414847
0,399133
0,402337
0,472757
0,421384
0,459508
0,41387
0,877792
0,442427
0,340994
0,366907
0,386346
0,425237
0,403641
0,381814
0,364839
0,384791
0,390477
0,405678
0,443688
0,427505
0,437554
0,446533
0,406339
0,384051
0,389389
0,410263
0,416809
0,4018
0,440621
0,391504
0,441519
0,405739
0,370951
0,465091
0,409718
0,390454
0,420641
0,46642
0,874594
0,545491
0,409709
0,723763
0,432269
0,384511
0,413413
0,383149
0,408173
0,383146
0,399088
0,432188
0,400473
0,363033
0,414435
0,408758
0,463883
0,472059
0,39056
0,512816
0,385051
0,39164
0,3864
0,419854
0,430788
0,4143
0,365246
0,421627
0,404853
0,426036
0,390907
0,392274
0,372116
0,397428
0,401253
0,430187
0,472011
0,475141
0,413107
0,48933
0,393712
0,395003
0,406408
0,414171
0,404064
0,727516
0,477477
0,386133
0,428207
0,411599
0,426422
0,382476
0,410902
0,408635
0,429341
0,40845
0,463145
0,442293
0,39427
0,371357
0,442041
0,446541
0,448905
0,415546
0,446299
0,431136
0,4116
0,404879
0,442773
0,405962
0,456299
0,429428
0,388353
0,376403
0,480147
0,446125
0,388847
0,404878
0,407432
0,423901
0,411682
0,40366
0,442126
0,384793
0,398908
0,609909
0,433778
0,457361
0,396475
0,418749
0,427388
0,413268
0,365893
0,41762
0,427516
0,429396
0,451482
0,451185
0,393239
0,471831
0,422965
0,404385
0,430336
0,415853
0,386301
0,422291
0,417116
0,375592
0,450136
0,379766
0,394758
0,44733
0,37786
0,41848
0,39061
0,406063
0,402369
0,399481
0,380984
0,39859
0,400326
0,441248
0,400889
0,427989
0,410339
0,405093
0,410029
0,467097
0,46151
0,704199
0,478776
0,466518
0,492041
0,461352
0,406302
0,43038
0,416142
0,389419
0,491515
0,429189
0,443172
0,420306
0,444865
0,418325
0,466007
0,402793
0,404965
0,374596
0,417885
0,43448
0,413266
0,410637
0,402937
0,450709
0,43086
0,412861
0,413536
0,435886
0,430523
0,381983
0,39863
0,454943
0,438173
0,39696
0,393631
0,407271
0,423026
0,434135
0,77704
0,473113
0,398596
0,438028
0,423272
0,398288
0,419105
0,399518
0,37526
0,40133
0,434543
0,395275
0,376025
0,439367
0,455031
0,405218
0,441245
0,461535
0,432369
0,395116
0,436024
0,407753
0,434336
0,419295
0,429658
0,399648
0,383815
0,422539
0,401581
0,4143
0,396814
0,392181
0,402092
0,379231
0,391246
0,424926
0,377081
0,432466
0,42039
0,41256
0,403728
0,441175
0,382856
0,373986
0,484666
0,743845
0,479502
0,414821
0,440715
0,421838
0,394306
0,404568
0,471487
0,474572
0,418228
0,473576
0,403723
0,413691
0,403097
0,412111
0,427273
0,424363
0,389052
0,383035
0,406583
0,396672
0,417524
0,417491
0,446993
0,411603
0,431226
0,415543
0,398627
0,443389
0,398274
0,437641
0,510105
0,446546
0,428941
0,472089
0,522696
0,539452
0,38425
0,437415
0,385377
0,711929
0,44146
0,46887
0,424202
0,422755
0,418667
0,503543
0,384984
0,363571
0,447006
0,367743
0,389228
0,4372
0,388912
0,402332
0,424386
0,426837
0,395226
0,423389
0,402934
0,467018
0,389014
0,383874
0,390619
0,393229
0,397377
0,391426
0,40293
0,466106
0,451992
0,416792
0,427972
0,402216
0,407848
0,43803
0,393456
0,411974
0,444776
0,397646
0,43439
0,419218
0,413978
0,394974
0,401062
0,757206
0,461883
0,431151
0,455867
0,424123
0,419757
0,385107
0,38682
0,422506
0,441971
0,408673
0,412703
0,445292
0,400023
0,453087
0,39593
0,411083
0,439223
0,407359
0,454984
0,551143
0,469974
0,440732
0,401478
0,412323
0,399381
0,39298
0,419205
0,413502
0,401642
0,430428
0,430907
0,422426
0,420809
0,42746
0,417666
0,426666
0,440171
0,394974
0,445187
0,38869
0,431881
0,464053
0,439663
0,430422
0,429669
0,757598
0,411084
0,381829
0,379451
0,393301
0,404405
0,390023
0,41449
0,374537
0,412509
0,38059
0,399967
0,424218
0,411511
0,399693
0,387346
0,39429
0,391838
0,434818
0,419961
0,403253
0,392315
0,401721
0,391434
0,400323
0,398683
0,407893
0,397217
0,394582
0,421453
0,425798
0,389814
0,416899
0,43595
0,422644
0,420979
0,397284
0,440521
0,43799
0,409769
0,41939
0,400284
0,393711
0,379579
0,426986
0,390218
0,396503
0,391938
0,374118
0,386127
0,404876
0,414238
0,403234
0,372691
0,413262
0,4023
0,421965
0,743426
0,411752
0,417311
0,396996
0,420879
0,439624
0,458831
0,450014
0,419065
0,389673
0,38577
0,427966
0,40333
0,405712
0,42554
0,378837
0,413417
0,432379
0,42156
0,390965
0,389415
0,421635
0,437525
0,446445
0,367197
0,398848
0,392344
0,388697
0,406942
0,427562
0,439733
0,416422
0,516223
0,403057
0,443371
0,436758
0,458392
0,416916
0,415309
0,410537
0,405544
0,418515
0,427712
0,447773
0,717911
0,423835
0,42478
0,448905
0,439854
0,50146
0,777589
0,48533
0,407824
0,432999
0,426154
0,421225
0,406913
0,416613
0,435823
0,427812
0,394166
0,407977
0,401518
0,389114
0,397678
0,433995
0,42915
0,584764
0,449581
0,415035
0,398879
0,420956
0,387286
0,401517
0,430079
0,432136
0,417953
0,442406
0,410238
0,442135
0,432764
0,425164
0,391488
0,436986
0,441654
0,40737
0,443051
0,736012
0,416795
0,433009
0,429568
0,438235
0,392445
0,461451
0,416975
0,414283
0,415037
0,419096
0,426369
0,421114
0,406713
0,410638
0,43002
0,437472
0,483496
0,407813
0,482948
0,400611
0,423399
0,411646
0,403697
0,398526
0,441536
0,381479
0,44519
0,41681
0,409244
0,407172
0,421204
0,463286
0,439113
0,427378
0,404872
0,421078
0,427753
0,366418
0,433557
0,409682
0,397048
0,417248
0,423974
0,427698
0,425593
0,441462
1,202488
0,414544
0,446998
0,395888
0,40262
0,412553
0,492158
0,38957
0,448419
0,417283
0,413259
0,428146
0,413057
0,432541
0,424607
0,421102
0,427082
0,443154
0,419071
0,44901
0,440825
0,436029
0,532701
0,480414
0,45959
0,531931
0,414218
0,476508
0,450051
0,431778
0,455332
0,44133
0,430672
0,446261
0,756237
0,456177
0,416893
0,40223
0,445972
0,436048
0,393421
0,482444
0,417341
0,388333
0,420326
0,410494
0,439395
0,44652
0,434303
0,480749
0,483115
0,486782
0,426073
0,420808
0,410728
0,404493
0,454774
0,475461
0,446585
0,448403
0,474134
0,430314
0,427296
0,495012
0,482747
0,438939
0,419102
0,433034
0,451156
0,412779
0,405404
0,842117
0,442172
0,402452
0,392753
0,403962
0,480608
0,461638
0,403097
0,444313
0,406945
0,441217
0,369649
0,384419
0,4175
0,441861
0,41728
0,439835
0,397107
0,422404
0,422733
0,368908
0,404006
0,422176
0,430633
0,454438
0,416639
0,399463
0,39403
0,404394
0,385853
0,415906
0,385046
0,41114
0,427924
0,427012
0,475088
0,473066
0,460095
0,461166
0,447741
0,442489
0,427138
0,43139
0,4984
0,723288
0,412146
0,42677
0,424775
0,431137
0,444261
0,421608
0,3878
0,376917
0,408907
0,425703
0,428151
0,393421
0,406787
0,422732
0,384228
0,461449
0,434432
0,480553
0,431159
0,433278
0,416836
0,413282
0,419337
0,467176
0,462942
0,413106
0,433901
0,479114
0,494715
0,445211
0,432272
0,491145
0,417725
0,448537
0,513683
0,502584
0,49398
0,951397
0,4528
0,425175
0,443186
0,442017
0,436786
0,433188
0,424229
0,46646
0,756257
0,592627
0,510761
0,451105
0,475924
0,461212
0,462728
0,421155
0,40773
0,468333
0,454201
0,46161
0,410926
0,43767
0,477843
0,46058
0,424847
0,505009
0,418891
0,500827
0,81147
0,516709
0,454359
0,488464
0,486306
0,442248
0,442946
0,48382
0,395925
0,524874
0,531336
0,424896
0,43497
0,494606
0,438548
0,479451
0,431074
0,521856
0,459696
0,416829
0,465979
0,479782
0,426061
0,477096
0,447833
0,453925
0,491504
0,430438
0,416439
0,404991
0,745335
0,445872
0,448622
0,445272
0,487776
0,500763
0,413327
0,438147
0,41719
0,420896
0,398048
0,443514
0,46274
0,428998
0,411851
0,434201
0,432655
0,48901
0,394091
0,462505
0,453748
0,403971
0,407345
0,375275
0,424952
0,382393
0,415546
0,386126
0,400063
0,39291
0,392464
0,421033
0,413939
0,435916
0,46885
0,442598
0,370817
0,411163
0,407289
0,472487
0,418953
0,448636
0,511495
0,448422
0,382344
0,444007
0,389764
0,761841
0,482182
0,478506
0,390268
0,475954
0,407629
0,406192
0,44287
0,412055
0,458289
0,485285
0,462467
0,454813
0,426981
0,495371
0,470078
0,426596
0,420872
0,469126
0,548942
0,49263
0,488125
0,435197
0,444725
0,568623
0,556556
0,612853
0,455299
0,60129
0,764304
0,445905
0,571715
0,561459
0,438325
0,496249
0,421154
0,514023
0,514241
0,498973
0,438261
0,468862
0,483963
0,483535
0,524987
0,437079
0,457131
0,436442
0,438859
0,476936
0,437614
0,475363
0,406709
0,485238
0,47905
0,453912
0,455053
0,540632
0,50127
0,748959
0,577563
0,581734
0,475972
0,46197
0,462464
0,494301
0,463225
0,437178
0,537003
0,480883
0,510571
0,450719
0,454711
0,49093
0,531025
0,55413
0,461206
0,478098
0,438429
0,438327
0,469451
0,430388
0,462032
0,467758
0,532163
0,398135
0,501937
0,440644
0,462236
1,190664
0,478709
0,5243
0,487093
0,484171
0,472032
0,477689
0,456817
0,446425
0,460547
0,51333
0,417808
0,491403
0,504167
0,507513
0,458212
0,458092
0,535151
0,522217
0,497151
0,524637
0,446308
0,484139
0,450391
0,435602
0,482638
0,559486
0,444418
1,427329
0,492094
0,467594
0,496258
0,45251
0,455176
0,438182
0,577623
0,595771
0,415577
0,483474
0,517917
0,447028
0,469037
0,469913
0,490446
0,47247
0,4605
0,423357
0,497866
0,487596
0,406115
0,502579
0,48718
0,527316
0,446891
0,527325
0,671984
0,550538
0,433109
0,382543
0,410905
0,464895
0,422914
0,418978
0,442275
0,393275
0,41223
0,411202
0,414073
0,458626
0,452724
0,459829
0,482059
0,423374
0,438907
0,446979
0,450199
0,446981
0,546548
0,511811
0,445087
0,516882
0,616867
0,481407
0,412033
0,421018
0,593049
0,458416
0,504593
0,415507
0,503077
0,47543
0,400339
0,457178
0,439612
0,770551
0,513354
0,507611
0,518073
0,45709
0,468023
0,468545
0,474674
0,507466
0,532771
0,426073
0,487931
0,449685
0,50647
0,475624
0,402749
0,492306
0,524979
0,537452
0,424112
0,44229
0,439027
0,472483
0,509872
0,555291
0,522905
0,536414
0,496425
0,455263
0,929534
0,555233
0,440447
0,411659
0,455411
0,445145
0,435539
0,448291
0,42071
0,522722
0,440271
0,546321
0,486223
0,514053
0,486845
0,533465
0,438378
0,486591
0,519229
0,478469
0,449485
0,443817
0,449757
0,483503
0,517695
0,446797
0,432003
0,498726
0,478821
0,439094
0,842063
0,469885
0,458911
0,401031
0,475488
0,465861
0,414369
0,430401
0,471639
0,471936
0,446447
0,424833
0,555297
0,47005
0,494097
0,598986
0,49254
0,488675
0,453434
0,485862
0,460516
0,495166
0,445267
0,417294
0,450488
0,423724
0,420542
0,44545
0,453629
0,439102
0,4574
0,444908
1,19883
0,473287
0,426087
0,455801
0,452974
0,498587
0,421048
0,452057
0,44817
0,447312
0,435373
0,474734
0,430301
0,481133
0,480109
0,379333
0,477479
0,493682
0,500656
0,468868
0,519904
0,450357
0,444026
0,485293
0,465519
0,457969
0,476146
0,458762
0,429692
1,42838
0,617451
0,610328
0,458675
0,466014
0,465278
0,473915
0,483753
0,456326
0,437386
0,487538
0,454115
0,456123
0,490549
0,486044
0,43645
0,416793
0,429626
0,448325
0,607653
0,516987
0,449851
0,493571
0,464576
0,465752
0,460808
0,488247
0,477167
0,759222
0,539473
0,445278
0,42905
0,430015
0,493605
0,461645
0,483342
0,445792
0,451571
0,443407
0,460189
0,474236
0,43176
0,431011
0,48264
0,477285
0,485869
0,429659
0,456575
0,435445
0,461927
0,439245
0,411835
0,500281
0,587676
0,431588
0,436933
0,471096
0,376233
0,41851
0,440358
0,487576
0,836682
0,486922
0,430242
0,442219
0,419391
0,504441
0,419397
0,455709
0,440757
0,474557
0,483171
0,452289
0,42546
0,435202
0,442806
0,44626
0,54351
0,460047
0,441557
0,460045
0,446339
0,455765
0,462326
0,409347
0,449923
0,459922
0,497561
0,506017
0,42813
0,41861
0,788353
0,499303
0,461722
0,416994
0,480964
0,440473
0,460098
0,471348
0,482956
0,479608
0,437126
0,539248
0,503698
0,493763
0,46571
0,471836
0,461624
0,427853
0,465937
0,428887
0,491844
0,435311
0,457483
0,455923
0,461299
0,488382
0,43622
0,402884
0,502901
0,599581
0,436751
0,913609
0,454935
0,447644
0,483729
0,515789
0,495513
0,447559
0,415631
0,444469
0,454101
0,495098
0,438672
0,457598
0,488452
0,530766
0,490302
0,428345
0,450094
0,497866
0,453721
0,420273
0,498458
0,4569
0,479078
0,567514
0,542157
0,508794
0,466745
0,424957
0,474805
0,464953
0,82921
0,511829
0,478056
0,44006
0,536363
0,503409
0,492939
0,55324
0,513424
0,527532
0,61174
0,509496
0,540889
0,477324
0,50414
0,422179
0,453835
0,471898
0,461213
0,455644
0,471638
0,510851
0,43587
0,454503
0,515699
0,435443
0,488607
0,45878
0,527364
0,514577
0,464277
0,520396
0,465423
0,840913
0,450989
0,484111
0,44084
0,444454
0,417142
0,477005
0,452408
0,486326
0,486509
0,412455
0,454502
0,494647
0,453107
0,514639
0,441889
0,436657
0,443129
0,460971
0,50231
0,504528
0,462506
0,480507
0,441697
0,510239
0,483449
0,486102
0,465707
0,461199
0,488524
0,452053
0,51161
0,509532
0,723386
0,497157
0,458967
0,459602
0,474632
0,517359
0,487522
0,469336
0,438957
0,511702
0,441739
0,442997
0,463356
0,485427
0,470782
0,476325
0,491079
0,435207
0,468823
0,422921
0,505702
0,450725
0,465664
0,450021
0,437987
0,437218
0,460043
0,461348
0,459029
0,47049
0,46783
0,462594
0,938514
0,451165
0,454695
0,432479
0,43479
0,442675
0,483317
0,440662
0,508791
0,428053
0,482355
0,41192
0,422672
0,463644
0,513949
0,523183
0,485529
0,456244
0,492587
0,453605
0,454727
0,456641
0,418035
0,44205
0,392184
0,499689
0,443935
0,465107
0,476194
0,447194
0,463438
0,476617
0,464447
1,000966
0,501657
0,477043
0,496089
0,459775
0,763325
0,482774
0,505471
0,474676
0,50342
0,435429
0,457627
0,48936
0,439847
0,494357
0,47336
0,495456
0,480323
0,45397
0,466157
0,421993
0,456224
0,4537
0,460897
0,438556
0,465378
0,488081
0,457355
0,453881
0,489546
0,463226
0,901703
0,550327
0,424992
0,461405
0,434832
0,497692
0,44975
0,448518
0,484396
0,456449
0,438607
0,503803
0,422373
0,475849
0,467075
0,45721
0,498524
0,445164
0,487661
0,407848
0,507088
0,442283
0,417026
0,417468
0,431905
0,44261
0,410643
0,448904
0,416064
0,484964
0,451798
0,455646
0,562921
0,532979
1,079819
0,533938
0,46327
0,500069
0,514777
0,482538
0,512648
0,542185
0,459692
0,47211
0,440267
0,442784
0,489959
0,454152
0,477185
0,537276
0,48464
0,486053
0,490152
0,483851
0,485115
0,426208
0,47998
0,499872
0,441701
0,475858
0,489311
0,503289
0,471863
0,495736
0,524723
0,711034
0,467708
0,485265
0,505161
0,497162
0,460145
0,457162
0,492095
0,505456
0,496662
0,463308
0,465358
0,489628
0,463321
0,47489
0,462289
0,47024
0,506697
0,521006
0,482521
0,487886
0,435537
0,500737
0,498444
0,53593
0,465471
0,470388
0,44827
0,481946
0,476634
0,466612
0,489277
0,452594
0,622474
0,664474
0,522432
0,439106
0,440376
0,468559
0,454798
0,43652
0,438556
0,447162
0,444647
0,486936
0,442563
0,440045
0,506773
0,455767
0,425418
0,481616
0,492857
0,441942
0,455881
0,425287
0,481477
0,453408
0,46848
0,46898
0,459446
0,407508
0,4294
0,437663
0,413229
0,466643
0,459575
0,656028
0,608242
0,556421
0,456716
0,414597
0,463085
0,445673
0,499363
0,466379
0,45885
0,425054
0,408468
0,489285
0,40957
0,411962
0,443944
0,454259
0,385138
0,442255
0,391406
0,422825
0,434891
0,430436
0,430612
0,420987
0,423914
0,463501
0,393341
0,416092
0,441139
0,423502
0,381145
0,428039
0,459994
0,411908
0,408715
0,443012
0,883367
0,493366
0,404621
0,396238
0,385086
0,399155
0,408973
0,400248
0,455287
0,4136
0,430561
0,407241
0,426091
0,419401
0,417809
0,423246
0,412005
0,425318
0,456924
0,394545
0,396808
0,43056
0,404632
0,442493
0,376399
0,412981
0,43485
0,415343
0,384779
0,405989
0,420144
0,381192
0,391853
0,411326
0,462525
0,490057
0,405596
1,140806
0,54904
0,450457
0,399467
0,437216
0,499331
0,413312
0,428932
0,418997
0,380553
0,408667
0,365441
0,370445
0,392917
0,405214
0,42796
0,442085
0,467664
0,427442
0,373531
0,437578
0,423378
0,479921
0,430333
0,432369
0,433515
0,421433
0,40457
0,419399
0,446787
0,413404
0,416874
0,440673
0,42282
0,41678
0,969219
0,510817
0,493467
0,414976
0,437502
0,436712
0,421384
0,405612
0,433579
0,428775
0,414514
0,407888
0,469433
0,452761
0,47166
0,40964
0,408308
0,455023
0,405285
0,390802
0,386245
0,37864
0,419677
0,415642
0,429771
0,414934
0,437026
0,475816
0,460482
0,491569
0,405652
0,397016
0,424726
0,404474
0,45264
0,418627
0,895102
0,444842
0,424126
0,422716
0,432035
0,415309
0,410725
0,377686
0,396207
0,422346
0,401728
0,383563
0,426593
0,389842
0,438236
0,402991
0,405529
0,412309
0,401574
0,494379
0,421235
0,502502
0,539942
0,467676
0,42964
0,395181
0,399651
0,396784
0,375444
0,425639
0,375389
0,439846
0,40183
0,456743
0,438454
0,426865
0,420256
0,410741
0,431716
0,462285
0,716282
0,491263
0,419897
0,439185
0,385687
0,390354
0,536348
0,54058
0,395382
0,420155
0,487372
0,460879
0,41497
0,416736
0,38653
0,425203
0,390978
0,43127
0,401474
0,398982
0,42939
0,398767
0,416821
0,362539
0,411415
0,41657
0,39524
0,573761
0,576052
0,444118
0,42009
0,389956
0,385542
0,387651
0,464212
0,527994
0,411324
0,424412
0,421801
0,762437
0,38414
0,452481
0,394786
0,392627
0,454131
0,391791
0,427699
0,42612
0,419784
0,494666
0,398888
0,405321
0,387624
0,469427
0,381629
0,391653
0,407175
0,437635
0,410489
0,398732
0,408231
0,414177
0,396564
0,415194
0,391493
0,405915
0,409412
0,479351
0,398561
0,412918
0,379707
0,467351
0,399412
0,459022
0,399538
0,408426
0,487558
0,470636
0,422187
0,420005
0,39455
0,45094
0,730138
0,438195
0,52311
0,456334
0,397579
0,45997
0,484817
0,382897
0,465484
0,481707
0,400791
0,449565
0,461738
0,437995
0,46534
0,375889
0,407071
0,384556
0,413491
0,374278
0,397563
0,380048
0,372949
0,361015
0,363755
0,37328
0,392388
0,405643
0,395836
0,390905
0,383814
0,37058
0,418423
0,428609
0,39578
0,394196
0,369326
0,3934
0,401043
0,669732
0,412071
0,39058
0,374588
0,387775
0,374279
0,410273
0,414652
0,355866
0,39327
0,384041
0,387958
0,416279
0,371412
0,455929
0,370619
0,433366
0,355757
0,379377
0,396213
0,355232
0,440642
0,424064
0,378157
0,413887
0,389711
0,352692
0,439322
0,394232
0,381753
0,429009
0,383649
0,404474
0,422706
0,375308
0,401794
0,413953
0,416651
0,658544
0,422648
0,37797
0,383182
0,410207
0,476403
0,45327
0,4425
0,450945
0,430328
0,415661
0,442669
0,366272
0,393845
0,408936
0,390209
0,400339
0,387303
0,37683
0,402682
0,389627
0,371661
0,412821
0,376
0,368565
0,420177
0,396179
0,4219
0,474249
0,391957
0,440112
0,433958
0,438858
0,383489
0,40837
0,425061
0,599843
0,531094
0,360391
0,407474
0,385114
0,395456
0,408969
0,387006
0,376508
0,448691
0,416482
0,419371
0,379882
0,373261
0,364974
0,352958
0,399262
0,374924
0,39118
0,44533
0,426546
0,342192
0,381528
0,389801
0,384576
0,412456
0,386773
0,352914
0,368182
0,412957
0,385314
0,661728
0,428232
0,392311
0,402562
0,409585
0,687431
0,488853
0,437768
0,415783
0,372125
0,40248
0,396568
0,395405
0,396409
0,403527
0,380693
0,394824
0,457415
0,364037
0,426135
0,381698
0,414122
0,393528
0,394724
0,44228
0,357267
0,376614
0,383164
0,395181
0,369338
0,358299
0,453641
0,414845
0,436102
0,465616
0,366134
0,396305
0,456778
0,491224
0,372348
0,433174
0,406783
0,823001
0,419437
0,380325
0,407966
0,392458
0,379285
0,382442
0,39991
0,375257
0,365219
0,388883
0,378654
0,425087
0,441455
0,388607
0,422721
0,423598
0,417477
0,421736
0,383377
0,368537
0,367142
0,409578
0,391162
0,379481
0,389978
0,430639
0,451239
0,379484
0,40184
0,381176
0,41155
0,368512
0,415308
0,431962
0,512309
0,717907
0,411226
0,402269
0,383989
0,371449
0,427364
0,345123
0,379577
0,390867
0,386807
0,387481
0,412393
0,401335
0,395589
0,394851
0,385684
0,407174
0,380067
0,410921
0,408101
0,394676
0,39877
0,397292
0,413364
0,406776
0,386439
0,421717
0,405473
0,480734
0,383972
0,416599
0,379529
0,392049
0,358052
0,41035
0,40021
0,424105
1,088469
0,415172
0,387341
0,411638
0,382416
0,393687
0,419135
0,38345
0,719025
0,597282
0,437385
0,45759
0,527921
0,435902
0,422711
0,36924
0,372984
0,435014
0,407342
0,391011
0,427513
0,374626
0,406172
0,391887
0,376275
0,388827
0,385637
0,414235
0,379792
0,364183
0,410934
0,401308
0,395413
0,364023
0,381024
0,778275
0,488242
0,432469
0,377004
0,406581
0,411406
0,400403
0,36159
0,400292
0,373907
0,401225
0,392911
0,374433
0,394353
0,394735
0,453336
0,369497
0,402476
0,406954
0,451854
0,419914
0,421687
0,401478
0,409241
0,44465
0,434989
0,38903
0,412097
0,431241
0,382446
0,425337
0,445418
0,406765
0,423031
0,424891
0,415526
0,45394
0,418583
0,426729
0,434029
0,858657
0,433457
0,433958
0,400531
0,412992
0,460741
0,426303
0,410195
0,414886
0,407246
0,432949
0,455489
0,398515
0,375751
0,430024
0,416361
0,420908
0,41265
0,495046
0,414924
0,381713
0,396784
0,407611
0,449851
0,454998
0,383746
0,405945
0,467642
0,497075
0,403999
0,458407
0,444624
0,384673
0,428204
0,387896
0,387169
0,475997
0,487467
0,411315
0,451376
0,876802
0,41619
0,416062
0,406156
0,435142
0,436554
0,405951
0,403647
0,375103
0,398486
0,449296
0,369593
0,399976
0,41103
0,389845
0,410229
0,389591
0,410855
0,475832
0,425601
0,419731
0,406312
0,405492
0,422182
0,44912
0,378851
0,371567
0,409245
0,428274
0,41693
0,415137
0,395626
0,381976
0,450047
0,458558
0,421657
0,430951
0,4168
0,469923
0,457728
0,42859
0,406305
0,380748
0,658421
0,446599
0,386575
0,396731
0,404226
0,427365
0,390341
0,410858
0,388739
0,451999
0,415973
0,424371
0,423344
0,399657
0,405848
0,392211
0,371239
0,437982
0,395118
0,385009
0,382837
0,377252
0,400439
0,393239
0,400803
0,409618
0,394796
0,396213
0,415495
0,411306
0,391853
0,424052
0,371325
0,374783
0,425449
0,384026
0,428213
0,432132
0,525101
0,41206
0,484515
0,428781
0,430317
0,435012
0,397831
0,392183
0,809886
0,457845
0,40985
0,407684
0,472932
0,39336
0,416725
0,391315
0,396052
0,402805
0,382647
0,410032
0,44739
0,440976
0,449024
0,359941
0,386194
0,403201
0,404024
0,386757
0,458326
0,452025
0,366739
0,447644
0,416653
0,43537
0,412696
0,39459
0,420515
0,411168
0,429476
0,367816
0,440053
0,393873
0,473723
0,421044
0,380399
0,438046
0,398999
0,41021
0,39721
0,696544
0,530188
0,455439
0,419726
0,40673
0,39106
0,398831
0,390036
0,382109
0,411609
0,402618
0,398174
0,422281
0,410779
0,400449
0,408676
0,483381
0,466075
0,396103
0,413045
0,448778
0,417859
0,374094
0,447276
0,460854
0,3921
0,389504
0,386676
0,509127
0,431122
0,446688
0,426899
0,417494
0,434209
0,413314
0,414036
0,391797
0,431612
0,413159
0,415973
0,418557
0,427587
1,458759
0,463832
0,420089
0,454183
0,387677
0,414289
0,398483
0,419146
0,397941
0,454702
0,438296
0,416982
0,399589
0,391425
0,38607
0,464079
0,431022
0,438307
0,410885
0,460327
0,457664
0,56899
0,419034
0,390862
0,37321
0,384613
0,405055
0,435124
0,412244
0,424534
0,418412
0,382576
0,41554
0,378171
0,353304
0,398825
0,438085
0,425243
0,402474
0,453106
0,425236
0,411942
0,421148
0,403865
0,389696
0,799736
0,540078
0,444398
0,451661
0,406936
0,667418
0,447353
0,416878
0,461145
0,408917
0,391061
0,421581
0,404593
0,399291
0,42163
0,396453
0,449633
0,464716
0,431038
0,428394
0,398271
0,401228
0,421515
0,42716
0,41017
0,410542
0,416965
0,442346
0,425159
0,41096
0,390554
0,436943
0,438032
0,386741
0,417751
0,432417
0,42551
0,415569
0,434045
0,439963
0,453014
0,416564
0,518904
0,433315
0,410877
0,502439
0,638855
0,438434
0,414344
0,440309
0,426643
0,400099
0,41836
0,397089
0,400058
0,435609
0,425646
0,416918
0,386824
0,412037
0,381986
0,408896
0,425526
0,440489
0,426138
0,39245
0,384999
0,425625
0,400013
0,421986
0,425895
0,404226
0,403754
0,438759
0,415656
0,499055
0,457727
0,418832
0,397696
0,413352
0,395625
0,430788
0,436312
0,426815
0,444931
0,392826
0,477453
0,400964
0,399465
0,366322
0,392127
0,463683
0,761901
0,422299
0,378192
0,42224
0,406718
0,427149
0,389781
0,39804
0,453149
0,392709
0,416479
0,408715
0,40168
0,421361
0,416952
0,432434
0,386208
0,43476
0,386683
0,44118
0,379057
0,537328
0,398345
0,418079
0,418661
0,424678
0,391837
0,440973
0,412055
0,378664
0,435069
0,405271
0,41924
0,433314
0,456191
0,495552
0,420399
0,417266
0,426838
0,419346
0,394551
0,412895
0,41304
0,423161
0,438275
0,388675
0,751266
0,467458
0,408981
0,409917
0,500388
0,40345
0,425557
0,394681
0,433007
0,409187
0,457113
0,396866
0,449412
0,425094
0,408338
0,401957
0,413648
0,402808
0,406958
0,415881
0,392824
0,409759
0,461133
0,405608
0,457766
0,432048
0,43418
0,428151
0,419472
0,40004
0,40443
0,376253
0,380034
0,401586
0,419275
0,407237
0,40999
0,395869
0,431868
0,438083
0,407654
0,405618
0,427117
0,393079
0,386697
0,389212
0,713805
0,451366
0,431278
0,436623
0,426447
0,413623
0,41335
0,415573
0,428488
0,403622
0,442835
0,451402
0,44993
0,384872
0,454719
0,412653
0,412449
0,400381
0,414735
0,429699
0,407389
0,438614
0,403467
0,417454
0,435213
0,440911
0,39043
0,400277
0,38183
0,443891
0,394176
0,380852
0,429753
0,442585
0,3967
0,444784
0,421561
0,437461
0,389707
0,43282
0,413191
0,426153
0,440487
0,399706
0,403924
0,46175
0,41543
0,638298
0,429937
0,407752
0,411048
0,434328
0,471065
0,418416
0,413777
0,441269
0,368975
0,40892
0,419673
0,498898
0,417078
0,430326
0,411788
0,394346
0,438147
0,376289
0,391994
0,418695
0,415209
0,440726
0,396468
0,38572
0,395766
0,431363
0,413442
0,414572
0,420054
0,395458
0,3965
0,463515
0,385093
0,421931
0,454049
0,397925
0,395187
0,391603
0,376482
0,426306
0,457547
0,427852
0,43087
0,457619
0,586864
0,767737
0,488691
0,460329
0,504034
0,477958
0,506612
0,428665
0,433959
0,412053
0,488689
0,438564
0,414069
0,414853
0,428103
0,499955
0,451588
0,48348
0,449626
0,390246
0,417912
0,463514
0,526852
0,393642
0,481913
0,457426
0,424482
0,422329
0,44679
0,446054
0,878938
0,461875
0,446792
0,443505
0,442145
0,445022
0,377592
0,561974
0,453675
0,492396
0,41636
0,482644
0,477652
0,437678
0,434632
0,390658
0,393852
0,467605
0,435743
0,510621
0,520483
0,42326
0,481526
0,47998
0,434546
0,513791
0,572098
0,388914
0,481415
0,486755
0,449685
0,524317
0,420359
0,441609
0,455344
0,485536
0,458418
0,463366
0,922464
0,432994
0,460757
0,437295
0,442394
0,447384
0,422229
0,459245
0,560037
0,467625
0,484019
0,417995
0,436107
0,496798
0,51577
0,424894
0,419593
0,456039
0,441246
0,423461
0,954651
0,539655
0,44655
0,428047
0,438022
0,425904
0,437054
0,409957
0,498135
0,779597
0,416467
0,431387
0,519625
0,431192
0,463175
0,424096
0,498308
0,512724
0,414009
0,407707
0,439477
0,416098
0,451921
0,436026
0,389131
0,415046
0,40689
0,428984
0,480164
0,465723
0,524746
0,442448
0,410158
0,556222
0,398413
0,48701
0,522483
0,468027
0,462283
0,465637
0,545184
0,594982
0,430962
0,48044
0,480213
0,480848
0,90038
0,447715
0,482781
0,411169
0,430981
0,418899
0,534584
0,458712
0,413124
0,417904
0,46532
0,446756
0,424868
0,437861
0,452817
0,441344
0,422422
0,439994
0,441645
0,518243
0,521618
0,396259
0,423527
0,53941
0,413292
0,387981
0,432563
0,428745
0,420777
0,411826
0,454391
0,431856
0,424204
0,454816
0,457197
0,468104
0,467372
0,484318
0,523694
0,539036
0,494805
0,544729
0,444364
0,463827
0,832633
0,433882
0,445271
0,489814
0,45249
0,461031
0,412784
0,453267
0,439254
0,442078
0,434675
0,435986
0,412229
0,559119
0,583377
0,398382
0,403839
0,427847
0,414786
0,397678
0,389745
0,387653
0,456571
0,398192
0,447035
0,486142
0,420007
0,441438
0,404619
0,40534
0,394507
0,400856
0,466663
0,422541
0,414935
0,432718
0,457824
0,443234
0,400948
0,479206
0,438107
0,450953
0,485418
0,779614
0,476373
0,475089
0,46717
0,436247
0,477636
0,496878
0,448928
0,450633
0,446039
0,410083
0,466983
0,449484
0,417915
0,447374
0,518196
0,428704
0,443383
0,399859
0,493488
0,428862
0,428376
0,4585
0,463676
0,442459
0,425934
0,426047
0,449819
0,440818
0,44307
0,446993
0,793947
0,426071
0,429435
0,449757
0,453085
0,438801
0,504646
0,446475
0,43639
0,571997
0,475297
0,440622
0,466973
0,453287
0,434131
0,457508
0,473919
0,478613
0,513783
0,463932
0,43592
0,484113
0,534822
0,455543
0,451605
0,524176
0,423488
0,470195
0,497053
0,512983
0,463203
0,443994
0,458819
0,785043
0,523201
0,457275
0,45197
0,525762
0,422465
0,462084
0,441013
0,461152
0,507008
0,49125
0,425101
0,479035
0,486431
0,51208
0,468344
0,499328
0,480476
0,45479
0,462508
0,495985
0,455205
0,474912
0,435406
0,431912
0,520824
0,485671
0,453653
0,454225
0,472364
0,390058
0,827232
0,542348
0,432337
0,459561
0,534366
0,496244
0,451851
0,477763
0,486043
0,429262
0,442111
0,515676
0,493762
0,442542
0,472115
0,408166
0,429722
0,411036
0,457842
0,467357
0,451938
0,448719
0,449302
0,411179
0,460023
0,462828
0,450605
0,454145
0,495874
0,427651
0,433292
0,80186
0,507821
0,472099
0,464736
0,4762
0,494197
0,46008
0,433872
0,477404
0,479979
0,451519
0,437027
0,436603
0,438634
0,526383
0,498753
0,476522
0,485938
0,465086
0,438836
0,445613
0,478233
0,411375
0,520548
0,439951
0,427595
0,465056
0,451667
0,448769
0,468713
0,791835
0,568996
0,48891
0,487669
0,601164
0,522409
0,475216
0,478288
0,458469
0,472504
0,437664
0,451384
0,494892
0,439757
0,468848
0,49591
0,459177
0,489105
0,459908
0,441124
0,420703
0,487092
0,431329
0,481808
0,466691
0,455791
0,432556
0,455409
0,456045
0,473693
0,791746
0,517308
0,481477
0,485513
0,446294
0,430422
0,448478
0,467792
0,530079
0,408943
0,438558
0,417709
0,437696
0,464473
0,47721
0,42522
0,439416
0,425071
0,449653
0,397022
0,461921
0,454538
0,484096
0,452452
0,457162
0,45259
0,426646
0,404351
0,468152
0,504539
0,460366
0,445348
0,469057
0,800243
0,448077
0,470865
0,45973
0,471819
0,479975
0,468054
0,427971
0,403513
0,486448
0,471223
0,508938
0,449072
0,441151
0,430545
0,421898
0,457318
0,435722
0,445273
0,427925
0,469548
0,445981
0,505288
0,500919
0,454943
0,52117
0,45803
0,550529
0,430139
0,439539
0,469279
0,811494
0,478469
0,552582
0,446595
0,444914
0,42776
0,436565
0,460853
0,470293
0,435476
0,43696
0,449836
0,428395
0,479719
0,37993
0,42211
0,461487
0,511874
0,406605
0,435342
0,439788
0,393566
0,421836
0,468027
0,46041
0,490488
0,487518
0,450419
0,413225
0,469011
0,448572
0,46868
0,447241
0,84248
0,45168
0,446123
0,450194
0,496847
0,514097
0,458589
0,431283
0,454946
0,422388
0,406624
0,455926
0,475666
0,458662
0,438921
0,438095
0,474291
0,458541
0,447573
0,412671
0,429466
0,519329
0,448937
0,410766
0,494148
0,512658
0,496822
0,462514
0,40084
0,415664
0,499942
0,849901
0,426178
0,43262
0,434008
0,459428
0,449358
0,447509
0,477936
0,404477
0,40205
0,428866
0,456893
0,454175
0,439936
0,486785
0,423061
0,439168
0,410068
0,411405
0,542374
0,449946
0,427977
0,433421
0,473025
0,417872
0,492435
0,436853
0,445328
0,497678
0,401336
1,277458
0,488446
0,454929
0,391561
0,462702
0,449313
0,48909
0,423975
0,453936
0,414599
0,412566
0,434285
0,449618
0,468109
0,42507
0,416887
0,403917
0,434468
0,430136
0,443864
0,392121
0,398683
0,439346
0,413599
0,415987
0,426574
0,443834
0,499936
0,393996
0,426618
0,42218
0,40926
0,424343
0,408673
0,402996
0,405455
0,490832
0,42338
0,44024
0,416461
0,431309
0,657418
0,545046
0,417034
0,468676
0,505829
0,474888
0,45839
0,434706
0,461836
0,478638
0,492561
0,547663
0,452209
0,402923
0,522603
0,449228
0,476765
0,396983
0,453882
0,443685
0,408833
0,440576
0,487048
0,411591
0,460784
0,465235
0,437935
0,420503
0,549474
0,531986
0,806749
0,439772
0,447523
0,400663
0,445516
0,386749
0,43136
0,461167
0,421744
0,509048
0,443829
0,458683
0,435316
0,433479
0,434314
0,581315
0,460831
0,422049
0,478708
0,548883
0,524659
0,450923
0,536657
0,479687
0,400443
0,467587
0,552108
0,482951
0,433891
0,443677
0,544281
0,498138
0,96845
0,446999
0,472037
0,478334
0,448245
0,508804
0,439837
0,468015
0,407919
0,435617
0,464855
0,443247
0,418894
0,41161
0,435834
0,438241
0,494251
0,507456
0,455242
0,404792
0,421526
0,42159
0,431679
0,432617
0,429325
0,414498
0,426089
0,388478
0,41783
0,426052
0,726997
0,530227
0,46404
0,470132
0,541344
0,43244
0,465122
0,496933
0,448198
0,475382
0,439554
0,414004
0,444959
0,456267
0,434787
0,400674
0,439487
0,411276
0,479423
0,466538
0,440898
0,44767
0,424426
0,451636
0,423799
0,473404
0,445896
0,425488
0,403495
0,472077
0,467443
0,74034
0,422706
0,4096
0,441664
0,529947
0,48472
0,4229
0,474478
0,557503
0,46612
0,478063
0,460941
0,523363
0,486554
0,482183
0,523711
0,500572
0,426871
0,433714
0,450619
0,419498
0,403698
0,411293
0,432485
0,467682
0,417048
0,455552
0,495655
0,538556
0,42159
0,664268
0,508404
0,438669
0,4447
0,429574
0,409703
0,448334
0,437506
0,408567
0,456598
0,362609
0,399424
0,434913
0,476542
0,468286
0,442375
0,424251
0,440644
0,417096
0,437604
0,414535
0,43634
0,429895
0,430517
0,786324
0,620672
0,52905
0,496016
0,539655
0,453006
0,422092
0,449127
0,441178
0,510865
0,49485
0,448467
1,308644
0,439869
0,459981
0,449513
0,431887
0,509555
0,45845
0,524096
0,57167
0,468746
0,458908
0,399957
0,42333
0,419354
0,438047
0,456781
0,458275
0,440957
0,407662
0,426598
0,460365
0,437901
0,406069
0,405534
0,444253
0,434681
0,4506
0,434077
0,494917
0,83842
0,521678
0,4635
0,447015
0,442341
0,431464
0,424171
0,420807
0,442188
0,455673
0,417427
0,455938
0,448753
0,428653
0,532403
0,461168
0,450034
0,449821
0,438881
0,4418
0,415808
0,44196
0,421308
0,508478
0,423454
0,410217
0,419015
0,419458
0,494739
0,462714
0,429917
0,718015
0,491586
0,43619
0,415351
0,423075
0,490322
0,44263
0,421676
0,418919
0,414406
0,415821
0,457123
0,413774
0,466519
0,471674
0,408487
0,415657
0,393143
0,428269
0,497147
0,407264
0,425207
0,45701
0,456099
0,426426
0,441642
0,400537
0,435583
0,387238
0,414183
0,414082
0,426646
0,488446
0,434226
0,421234
0,419794
0,482928
0,45498
0,414881
0,411758
0,39095
0,428451
0,462245
0,41181
0,474279
0,836685
0,432467
0,411718
0,439294
0,415726
0,410674
0,422849
0,45967
0,516602
0,478137
0,443979
0,383744
0,477448
0,418031
0,448673
0,391346
0,403921
0,468005
0,428741
0,462947
0,495602
0,48105
0,421298
0,378136
0,433317
0,456702
0,408285
0,414255
0,41884
0,403715
0,516375
0,450137
0,409045
0,41665
0,444298
0,422692
0,385488
0,448588
0,391434
0,419989
0,38181
0,444677
0,444172
0,418947
0,414849
0,795097
0,556814
0,446321
0,416881
0,411063
0,410837
0,453402
0,41701
0,394168
0,452357
0,416553
0,41316
0,400672
0,394405
0,390177
0,438946
0,380443
0,400096
0,433611
0,417027
0,431321
0,426244
0,412414
0,397477
0,399052
0,409154
0,410419
0,380444
0,403438
0,449657
0,389071
0,414465
0,428897
0,419505
0,42315
0,444713
0,399521
0,420051
0,49424
0,447283
0,43472
0,474405
0,428945
0,392156
0,426208
0,428676
0,397678
0,451876
0,414162
0,819841
0,462863
0,426542
0,405192
0,414114
0,471418
0,426377
0,41678
0,402671
0,393636
0,39517
0,432245
0,375805
0,42962
0,429639
0,422913
0,406799
0,406234
0,415221
0,435977
0,450224
0,430347
0,415022
0,428869
0,411785
0,408187
0,514636
0,402852
0,417981
0,378032
0,394553
0,397545
0,408946
0,426243
0,426994
0,412387
0,399435
0,417334
0,391806
0,401146
0,511857
0,509059
0,424119
0,423509
0,398547
0,399119
0,43933
0,376636
0,37536
0,402025
0,382693
0,798863
0,448973
0,414137
0,395727
0,385835
0,412461
0,384214
0,4425
0,365227
0,432553
0,397945
0,395792
0,4206
0,496706
0,406476
0,398828
0,385092
0,3916
0,404253
0,412947
0,380839
0,399527
0,389383
0,400172
0,415464
0,454729
0,467269
0,456241
0,473493
0,478635
0,476796
0,399838
0,418934
0,399592
0,417605
0,418108
0,463744
0,680019
0,483641
0,386983
0,447717
0,42194
0,455056
0,402826
0,43055
0,384558
0,390484
0,368398
0,412703
0,393973
0,453199
0,371496
0,399199
0,411989
0,389896
0,42716
0,432189
0,388449
0,417224
0,380382
0,388747
0,396341
0,39602
0,414865
0,414956
0,41872
0,397475
0,394298
0,470541
0,386725
0,414678
0,441127
0,416841
0,385334
0,426324
0,415741
0,406899
0,686289
0,479858
0,414607
0,388888
0,36503
0,392246
0,38707
0,404424
0,377024
0,395235
0,389153
0,399901
0,461527
0,420343
0,369563
0,388879
0,436213
0,376019
0,409878
0,385894
0,38246
0,401024
0,430232
0,362445
0,432526
0,417097
0,37774
0,444214
0,355353
0,397096
0,42722
0,389869
0,376619
0,420895
0,397644
0,37485
0,407393
0,420675
0,393825
0,380222
0,411492
0,744246
0,448984
0,427886
0,44813
0,439703
0,359257
0,407769
0,42138
0,471934
0,399973
0,422744
0,384444
0,391327
0,45809
0,374287
0,413561
0,367655
0,397581
0,425165
0,424046
0,4218
0,380165
0,390696
0,36239
0,393582
0,421744
0,392741
0,385503
0,442128
0,428424
0,447575
0,368374
0,431215
0,409947
0,357867
0,419235
0,432477
0,400215
0,39789
0,427439
0,414493
0,42978
0,389122
0,387421
0,725436
0,457298
0,434053
0,472009
0,375858
0,426657
0,380369
0,409928
0,376713
0,415009
0,38641
0,413539
0,394717
0,393388
0,443109
0,398756
0,389284
0,385292
0,386929
0,424421
0,428397
0,400365
0,405627
0,385897
0,423573
0,404466
0,403579
0,388153
0,385305
0,396294
0,400827
0,377054
0,383472
0,420424
0,420987
0,424378
0,370565
0,397193
0,404282
0,718875
0,44429
0,455047
0,470588
0,447611
0,408293
0,412092
0,406706
0,392082
0,416951
0,375433
0,451742
0,471084
0,455697
0,40945
0,424017
0,381053
0,395289
0,433378
0,392962
0,397192
0,406043
0,453496
0,383987
0,387197
0,369766
0,410795
0,400417
0,385314
0,389478
0,377171
0,406159
0,437264
0,41515
0,432621
0,368996
0,439175
0,399477
0,385777
0,414997
0,387665
0,919937
0,468802
0,407883
0,396577
0,418035
0,394775
0,411189
0,446711
0,403661
0,391992
0,464569
0,389458
0,443049
0,380054
0,369005
0,413707
0,43636
0,399507
0,425995
0,378444
0,370404
0,40133
0,401491
0,432533
0,443257
0,443729
0,429543
0,442775
0,409013
0,408847
0,399567
0,393558
0,39105
0,409675
0,443726
0,398325
0,394605
0,45077
0,489139
0,478381
0,926489
0,478031
0,446651
0,440735
0,405883
0,441033
0,461392
0,422154
0,435045
0,400548
0,442492
0,47869
0,411193
0,519068
0,561296
0,46809
0,425392
0,527199
0,484319
0,440434
0,443818
0,417099
0,461057
0,467178
0,407087
0,388047
0,435568
0,398162
0,41638
0,424512
0,465385
0,531523
0,440182
0,443429
0,438021
0,454992
0,491392
0,465564
0,487415
0,506381
0,45276
0,463505
0,459509
0,437374
0,84961
0,447045
0,444628
0,416643
0,448855
0,401469
0,421409
0,437659
0,410657
0,401365
0,41662
0,37321
0,403615
0,448667
0,429587
0,42836
0,405588
0,371021
0,441215
0,408904
0,381792
0,41772
0,388663
0,564149
0,452858
0,413769
0,414511
0,450584
0,445929
0,508627
0,455784
0,486244
0,47935
0,398125
0,479588
0,411183
0,429047
0,402624
0,38176
0,380119
0,4931
0,430954
0,773745
0,434321
0,498371
0,442052
0,450192
0,391794
0,472672
0,506535
0,402715
0,416547
0,405599
0,403476
0,436179
0,46284
0,427213
0,425266
0,537075
0,418412
0,456315
0,476219
0,40696
0,399432
0,39953
0,404029
0,413269
0,416912
0,429584
0,446792
0,398526
0,391852
0,410072
0,465217
0,432939
0,448578
0,426602
0,462031
0,419712
0,417718
0,401757
0,392893
0,903025
0,446786
0,444486
0,431018
0,428738
0,444097
0,392204
0,435231
0,402914
0,396685
0,440407
0,397891
0,424063
0,470268
0,427489
0,412338
0,406224
0,399879
0,403648
0,420402
0,855061
0,432447
0,426946
0,402976
0,418075
0,429379
0,442877
0,408079
0,433747
0,480906
0,44738
0,426739
0,42462
0,426411
0,417376
0,411674
0,387617
0,472268
0,431965
0,401747
0,464252
0,425955
0,409259
0,401678
0,403375
0,431284
0,861654
0,443989
0,424236
0,427161
0,434844
0,433879
0,374536
0,41212
0,435489
0,44428
0,418274
0,429883
0,395752
0,425496
0,37985
0,431322
0,428501
0,411444
0,390209
0,3861
0,451015
0,385083
0,385991
0,446214
0,45551
0,398002
0,412951
0,439288
0,401626
0,428022
0,395827
0,447178
0,411377
0,431294
0,406553
0,407826
0,464822
0,439125
0,413873
0,40698
0,514908
0,462165
0,543794
0,463602
0,507788
0,481613
0,580246
0,478523
0,496778
0,490578
0,472112
0,444833
0,531403
0,4431
0,424386
0,424285
0,528758
0,78258
0,482835
0,452685
0,513935
0,496888
0,489135
0,477558
0,585352
0,48528
0,702702
0,465277
0,570431
0,502062
0,600546
0,870737
0,563907
0,647456
0,634611
0,657763
0,588049
0,55583
0,556511
0,619423
0,530062
0,477547
0,443478
0,429404
0,546151
0,781244
0,519223
0,473223
0,430823
0,434086
0,452719
0,504476
0,426218
0,425565
0,449191
0,465844
0,390782
0,423854
0,430821
0,536971
0,413563
0,434013
0,561355
0,451611
0,480534
0,415787
0,401379
0,538186
0,545837
0,439121
0,450092
0,427868
0,42854
0,466509
0,808248
0,44807
0,488133
0,465071
0,39718
0,424493
0,405685
0,398267
0,39011
0,419613
0,415614
0,403098
0,455365
0,421958
0,427385
0,532506
0,37709
0,441153
0,439612
0,411854
0,436559
0,416414
0,431627
0,425856
0,450635
0,474863
0,449434
0,39439
1,158747
0,448112
0,468843
0,390193
0,3865
0,391001
0,38066
0,431786
0,403752
0,427444
0,436739
0,432252
0,41862
0,433177
0,423249
0,410458
0,851243
0,485845
0,431828
0,552262
0,442902
0,434685
0,383182
0,458379
0,444265
0,418353
0,398561
0,441901
0,39459
0,515312
0,529213
0,459387
0,400259
0,481033
0,673564
0,502393
0,491556
0,48194
0,422851
0,446223
0,534705
0,444075
0,486456
0,463656
0,434865
0,492773
0,448325
0,440422
0,434928
0,494613
0,409108
0,489589
0,48416
0,43728
0,43125
0,414357
0,886781
0,447779
0,425688
0,378854
0,507616
0,60057
0,525666
0,422056
0,453307
0,488081
0,517983
0,427236
0,415217
0,437728
0,406903
0,452166
0,444932
0,461364
0,406031
0,482608
0,483084
0,513097
0,495459
0,499147
0,485324
0,421867
0,430041
0,471312
0,481926
0,58818
0,450415
0,493291
0,41243
0,471281
0,49182
0,453481
1,094942
0,468939
0,42993
0,455614
0,449959
0,408165
0,417512
0,387294
0,411593
0,454342
0,405913
0,448555
0,443798
0,443347
0,439685
0,444874
0,425312
0,40397
0,391072
0,361515
0,436007
0,446571
0,420285
0,420137
0,416438
0,39451
0,417181
0,465429
0,396981
0,400322
0,391451
0,430473
0,396147
0,379815
0,439701
0,434354
0,40978
0,444624
0,454884
0,423912
0,39497
0,497489
0,449876
0,439893
0,805665
0,418503
0,437692
0,426565
0,396209
0,4278
0,423177
0,398022
0,402787
0,468272
0,438305
0,447695
0,387977
0,442387
0,414984
0,401609
0,470018
0,375671
0,404812
0,428748
0,447336
0,449418
0,523462
0,433424
0,652174
0,562546
0,447968
0,464779
0,500854
0,560449
0,432438
0,482861
0,462146
0,444153
0,426063
0,394071
0,441932
0,461946
0,422671
0,408067
0,453133
0,517067
0,582529
0,842922
0,635766
0,462191
0,629822
0,532402
0,423269
0,528293
0,476564
0,447933
0,447
0,479678
0,540308
0,403987
0,431399
0,561278
0,660707
0,488275
0,534256
0,51201
0,532151
0,502559
0,411255
0,379584
0,431115
0,419776
0,454346
0,39054
0,408291
0,499414
0,453075
0,51785
0,610204
0,446192
0,47463
0,507227
0,492035
0,411602
0,431687
0,699637
0,448553
0,401363
0,42604
0,528855
0,579651
0,469791
0,452572
0,458712
0,597151
0,603176
0,505842
0,465283
0,61105
0,581114
0,412207
0,664877
0,524039
0,518386
0,51078
0,398281
0,354075
0,440437
0,379123
0,467712
0,38774
0,421314
0,413313
0,411227
0,382983
0,473976
0,434336
0,488934
0,484476
0,986541
0,565315
0,713093
0,57471
0,513213
0,502754
0,486743
0,567758
0,542245
0,414077
0,412648
0,451459
0,584849
0,521038
0,595689
0,460153
0,511941
0,543649
0,41156
0,389101
0,365761
0,398226
0,368415
0,376878
0,439352
0,479358
0,372511
0,464227
0,555133
0,46802
0,430516
0,469815
0,419692
0,45272
0,48996
0,909452
0,616228
0,513326
0,489026
0,615796
0,426816
0,402742
0,450822
0,545826
0,387221
0,401785
0,449137
0,388233
0,490612
0,446237
0,424393
0,460038
0,458128
0,41194
0,446729
0,530658
0,521352
0,539955
0,594899
0,531598
0,506218
0,540313
0,438372
0,39912
0,397766
0,780028
0,446658
0,450802
0,408098
0,480877
0,467144
0,480161
0,385256
0,522998
0,643113
0,436616
0,529987
0,470701
0,531872
0,44816
0,403911
0,448603
0,433016
0,411234
0,436294
0,400207
0,470532
0,542184
0,468366
0,493804
0,559202
0,419179
0,590336
0,526642
0,565159
0,516792
0,479632
0,769695
0,532238
0,431164
0,42191
0,429945
0,413895
0,465855
0,406164
0,367777
0,405054
0,518455
0,482607
0,680754
0,47208
0,516916
0,520931
0,498235
0,441581
0,495221
0,57761
0,577766
0,564282
0,683414
0,631269
0,521293
0,563638
0,471353
0,408345
0,420831
0,373805
0,400319
